1 13
1 12
1 11
1 10
1 9
1 8
1 7
1 6
1 5
1 4
1 3
1 2
1 1
2 15
2 14
3 53
3 52
3 51
3 50
3 49
3 48
3 47
3 46
3 45
3 10
3 44
3 43
3 42
3 41
3 40
3 39
3 38
3 37
3 36
3 35
3 34
3 33
3 32
3 31
3 30
3 29
3 28
3 27
3 26
3 25
3 24
3 23
3 22
3 21
3 20
3 19
3 18
3 17
3 16
4 73
4 11
4 72
4 71
4 70
4 69
4 68
4 67
4 66
4 65
4 64
4 63
4 62
4 61
4 60
4 59
4 58
4 57
4 56
4 55
4 54
5 132
5 131
5 130
5 129
5 128
5 127
5 69
5 126
5 125
5 124
5 123
5 122
5 121
5 120
5 119
5 118
5 117
5 116
5 115
5 114
5 113
5 112
5 111
5 110
5 109
5 108
5 107
5 106
5 105
5 104
5 103
5 102
5 5
5 101
5 100
5 99
5 98
5 97
5 96
5 95
5 94
5 93
5 92
5 91
5 90
5 89
5 88
5 87
5 86
5 85
5 84
5 83
5 82
5 81
5 80
5 79
5 78
5 77
5 76
5 75
5 74
6 141
6 71
6 69
6 140
6 9
6 139
6 138
6 8
6 137
6 136
6 135
6 134
6 133
7 167
7 166
7 40
7 165
7 39
7 164
7 163
7 162
7 161
7 160
7 159
7 158
7 157
7 156
7 155
7 154
7 153
7 152
7 151
7 150
7 149
7 148
7 147
7 146
7 145
7 144
7 143
7 142
8 179
8 178
8 177
8 176
8 175
8 174
8 173
8 172
8 171
8 170
8 169
8 168
9 184
9 183
9 182
9 181
9 180
10 199
10 66
10 156
10 198
10 197
10 196
10 195
10 6
10 194
10 63
10 193
10 192
10 191
10 5
10 55
10 190
10 189
10 188
10 187
10 76
10 17
10 186
10 185
11 204
11 148
11 203
11 202
11 142
11 201
11 200
12 208
12 207
12 170
12 206
12 205
13 215
13 214
13 213
13 212
13 31
13 211
13 210
13 209
13 19
14 217
14 216
15 220
15 219
15 218
16 263
16 69
16 262
16 261
16 260
16 259
16 258
16 257
16 256
16 255
16 254
16 253
16 252
16 251
16 196
16 148
16 250
16 249
16 248
16 247
16 246
16 245
16 244
16 243
16 242
16 241
16 240
16 239
16 238
16 193
16 237
16 236
16 235
16 234
16 233
16 232
16 231
16 96
16 3
16 230
16 229
16 228
16 227
16 226
16 225
16 224
16 223
16 222
16 221
17 273
17 272
17 271
17 270
17 269
17 268
17 267
17 266
17 265
17 264
18 275
18 68
18 274
19 287
19 175
19 286
19 285
19 284
19 283
19 282
19 281
19 280
19 279
19 278
19 277
19 276
19 200
20 292
20 291
20 290
20 289
20 288
21 298
21 297
21 296
21 295
21 292
21 294
21 293
22 305
22 304
22 303
22 302
22 87
22 301
22 300
22 299
23 318
23 317
23 316
23 315
23 314
23 313
23 312
23 311
23 310
23 309
23 308
23 273
23 307
23 306
24 324
24 323
24 322
24 321
24 320
24 319
25 332
25 40
25 331
25 330
25 329
25 199
25 328
25 327
25 326
25 325
25 86
26 341
26 340
26 39
26 38
26 31
26 339
26 338
26 337
26 336
26 335
26 334
26 333
27 213
27 396
27 395
27 394
27 39
27 393
27 275
27 392
27 37
27 36
27 391
27 390
27 124
27 122
27 389
27 388
27 158
27 387
27 161
27 386
27 385
27 384
27 383
27 164
27 382
27 33
27 35
27 381
27 380
27 308
27 32
27 9
27 257
27 379
27 378
27 138
27 156
27 377
27 376
27 375
27 374
27 373
27 338
27 372
27 371
27 150
27 370
27 369
27 65
27 368
27 367
27 198
27 152
27 366
27 119
27 251
27 365
27 364
27 327
27 210
27 363
27 362
27 361
27 146
27 249
27 360
27 250
27 359
27 246
27 243
27 358
27 63
27 242
27 113
27 112
27 357
27 356
27 355
27 354
27 353
27 352
27 351
27 350
27 349
27 348
27 22
27 192
27 191
27 347
27 229
27 346
27 345
27 344
27 343
27 342
28 405
28 69
28 163
28 404
28 403
28 124
28 389
28 402
28 401
28 375
28 400
28 399
28 156
28 398
28 397
28 195
29 410
29 409
29 408
29 407
29 406
30 416
30 415
30 414
30 308
30 413
30 158
30 381
30 23
30 412
30 411
31 332
31 424
31 423
31 422
31 140
31 121
31 89
31 421
31 420
31 88
31 419
31 418
31 417
32 431
32 11
32 430
32 429
32 33
32 9
32 428
32 427
32 426
32 187
32 425
32 418
33 438
33 437
33 436
33 435
33 159
33 434
33 433
33 432
34 132
34 443
34 128
34 442
34 441
34 440
34 439
35 448
35 447
35 446
35 445
35 444
36 455
36 454
36 453
36 452
36 451
36 450
36 449
37 458
37 400
37 376
37 457
37 456
38 467
38 466
38 465
38 464
38 463
38 462
38 461
38 149
38 460
38 459
39 473
39 472
39 471
39 470
39 469
39 468
40 477
40 122
40 476
40 398
40 374
40 475
40 474
41 533
41 532
41 531
41 530
41 405
41 46
41 529
41 528
41 527
41 526
41 525
41 524
41 523
41 129
41 43
41 522
41 521
41 261
41 520
41 260
41 332
41 519
41 311
41 518
41 165
41 403
41 517
41 396
41 437
41 516
41 164
41 515
41 414
41 39
41 514
41 404
41 408
41 513
41 394
41 388
41 512
41 125
41 124
41 511
41 510
41 161
41 382
41 158
41 383
41 386
41 509
41 508
41 32
41 9
41 257
41 379
41 156
41 138
41 507
41 506
41 150
41 505
41 253
41 251
41 504
41 365
41 364
41 503
41 326
41 247
41 502
41 250
41 501
41 146
41 243
41 500
41 499
41 348
41 498
41 355
41 22
41 353
41 497
41 108
41 496
41 237
41 103
41 344
41 495
41 294
41 494
41 493
41 347
41 492
41 343
41 491
41 490
41 489
41 3
41 488
41 487
41 486
41 229
41 485
41 190
41 1
41 225
41 484
41 483
41 482
41 133
41 481
41 19
41 175
41 480
41 479
41 478
42 340
42 540
42 328
42 424
42 368
42 539
42 538
42 537
42 303
42 56
42 536
42 535
42 286
42 534
42 418
43 546
43 382
43 545
43 544
43 543
43 542
43 541
44 554
44 237
44 101
44 59
44 553
44 552
44 551
44 550
44 177
44 85
44 549
44 548
44 547
45 563
45 562
45 561
45 560
45 132
45 559
45 558
45 557
45 15
45 556
45 555
45 329
45 504
45 121
46 154
46 567
46 566
46 25
46 565
46 121
46 564
46 240
46 191
46 490
47 405
47 571
47 222
47 570
47 569
47 568
48 582
48 581
48 580
48 579
48 578
48 577
48 186
48 576
48 575
48 574
48 573
48 572
49 588
49 587
49 586
49 151
49 585
49 584
49 272
49 583
50 593
50 592
50 591
50 590
50 589
51 597
51 509
51 596
51 368
51 595
51 594
52 598
52 525
52 283
53 603
53 602
53 196
53 601
53 355
53 552
53 600
53 579
53 599
54 521
54 604
54 423
54 437
54 39
54 396
55 625
55 424
55 624
55 623
55 622
55 518
55 140
55 475
55 621
55 507
55 66
55 338
55 199
55 620
55 619
55 618
55 617
55 616
55 351
55 498
55 615
55 614
55 613
55 612
55 4
55 56
55 611
55 267
55 610
55 609
55 608
55 607
55 606
55 605
56 259
56 213
56 164
56 396
56 124
56 126
56 630
56 629
56 309
56 628
56 627
56 626
57 505
57 638
57 637
57 636
57 500
57 635
57 634
57 633
57 90
57 87
57 632
57 287
57 631
58 643
58 215
58 642
58 641
58 156
58 474
58 248
58 242
58 144
58 491
58 484
58 640
58 639
58 573
59 647
59 391
59 37
59 388
59 389
59 140
59 139
59 507
59 121
59 646
59 645
59 644
59 574
60 517
60 653
60 68
60 308
60 8
60 67
60 652
60 651
60 90
60 650
60 649
60 229
60 648
60 480
61 658
61 657
61 209
61 656
61 655
61 654
62 682
62 53
62 681
62 680
62 679
62 678
62 677
62 295
62 252
62 676
62 675
62 674
62 292
62 25
62 673
62 672
62 353
62 671
62 670
62 347
62 491
62 489
62 205
62 488
62 669
62 668
62 485
62 667
62 666
62 90
62 665
62 664
62 663
62 209
62 662
62 293
62 661
62 171
62 660
62 659
62 406
62 631
63 397
63 65
63 273
63 690
63 689
63 688
63 687
63 686
63 685
63 684
63 683
64 40
64 474
64 692
64 691
65 697
65 464
65 696
65 43
65 40
65 695
65 403
65 694
65 316
65 693
65 376
66 71
66 707
66 128
66 70
66 526
66 522
66 706
66 436
66 414
66 423
66 705
66 704
66 393
66 329
66 703
66 151
66 251
66 327
66 273
66 702
66 358
66 335
66 701
66 547
66 660
66 700
66 699
66 698
67 717
67 716
67 715
67 388
67 66
67 14
67 714
67 368
67 713
67 149
67 712
67 134
67 250
67 22
67 237
67 224
67 491
67 59
67 711
67 710
67 483
67 92
67 648
67 709
67 639
67 591
67 708
68 722
68 717
68 311
68 721
68 720
68 719
68 718
68 227
69 521
69 729
69 728
69 316
69 727
69 315
69 511
69 310
69 726
69 314
69 37
69 725
69 21
69 68
69 389
69 724
69 723
70 732
70 311
70 731
70 414
70 730
71 403
71 212
71 719
71 244
71 112
71 101
72 521
72 738
72 737
72 126
72 736
72 475
72 254
72 735
72 734
72 733
73 315
73 741
73 212
73 740
73 739
74 747
74 518
74 746
74 107
74 60
74 745
74 406
74 744
74 743
74 573
74 742
75 752
75 405
75 751
75 750
75 203
75 291
75 749
75 406
75 748
76 410
76 46
76 764
76 128
76 317
76 707
76 523
76 42
76 763
76 604
76 528
76 762
76 422
76 389
76 386
76 212
76 524
76 761
76 402
76 760
76 8
76 529
76 338
76 28
76 505
76 252
76 247
76 362
76 759
76 244
76 758
76 25
76 757
76 242
76 500
76 601
76 553
76 179
76 94
76 667
76 756
76 176
76 660
76 755
76 169
76 754
76 80
76 283
76 355
76 753
77 597
77 717
77 393
77 436
77 140
77 619
77 760
77 771
77 770
77 104
77 769
77 768
77 767
77 688
77 534
77 766
77 765
78 775
78 774
78 773
78 772
79 782
79 781
79 780
79 779
79 778
79 777
79 776
80 641
80 784
80 584
80 734
80 709
80 783
81 796
81 795
81 794
81 793
81 792
81 305
81 791
81 790
81 63
81 106
81 496
81 202
81 735
81 4
81 767
81 419
81 649
81 789
81 229
81 788
81 631
81 333
81 787
81 786
81 785
82 11
82 797
82 648
83 801
83 479
83 800
83 783
83 799
83 798
83 18
84 805
84 804
84 803
84 76
84 802
85 808
85 99
85 232
85 807
85 227
85 663
85 806
86 812
86 811
86 810
86 76
86 809
87 819
87 132
87 818
87 817
87 816
87 815
87 814
87 813
87 333
87 656
87 799
88 829
88 697
88 828
88 827
88 329
88 826
88 151
88 104
88 106
88 825
88 824
88 823
88 822
88 821
88 660
88 479
88 820
89 831
89 811
89 16
89 830
90 42
90 763
90 261
90 41
90 846
90 430
90 314
90 513
90 845
90 424
90 37
90 391
90 310
90 844
90 843
90 842
90 841
90 840
90 839
90 350
90 353
90 838
90 5
90 837
90 836
90 101
90 668
90 835
90 834
90 833
90 832
90 811
91 43
91 513
91 40
91 386
91 848
91 847
92 852
92 851
92 502
92 850
92 849
93 707
93 523
93 859
93 404
93 414
93 256
93 28
93 150
93 27
93 198
93 327
93 248
93 858
93 145
93 360
93 501
93 565
93 243
93 246
93 240
93 22
93 108
93 193
93 203
93 238
93 735
93 202
93 493
93 857
93 232
93 3
93 668
93 335
93 662
93 171
93 480
93 856
93 481
93 855
93 854
93 749
93 333
93 783
93 417
93 569
93 644
93 806
93 853
94 862
94 776
94 861
94 860
95 865
95 864
95 863
96 868
96 867
96 866
97 870
97 826
97 57
97 87
97 869
98 261
98 315
98 163
98 312
98 126
98 725
98 310
98 876
98 381
98 875
98 619
98 30
98 14
98 874
98 791
98 873
98 217
98 872
98 871
98 813
99 884
99 125
99 123
99 386
99 30
99 428
99 652
99 883
99 792
99 504
99 739
99 140
99 357
99 841
99 119
99 882
99 502
99 881
99 880
99 818
99 497
99 879
99 878
99 84
99 817
99 877
99 456
100 893
100 892
100 891
100 890
100 889
100 888
100 887
100 886
100 885
100 201
101 899
101 898
101 531
101 897
101 896
101 895
101 894
102 899
102 532
102 904
102 903
102 902
102 901
102 900
103 912
103 911
103 910
103 909
103 324
103 908
103 907
103 776
103 906
103 905
104 903
104 917
104 916
104 910
104 915
104 914
104 913
104 324
104 778
105 34
105 212
105 330
105 736
105 373
105 112
105 718
105 192
105 919
105 918
106 923
106 922
106 521
106 520
106 921
106 920
106 40
106 429
106 414
107 380
107 35
107 927
107 926
107 789
107 925
107 924
108 930
108 520
108 929
108 928
108 762
108 597
108 332
109 934
109 933
109 932
109 231
109 931
110 936
110 935
110 71
110 764
110 258
111 940
111 939
111 296
111 938
111 937
112 946
112 945
112 944
112 943
112 942
112 941
113 948
113 947
114 951
114 950
114 949
115 956
115 124
115 955
115 136
115 954
115 953
115 709
115 952
116 962
116 961
116 524
116 960
116 672
116 959
116 958
116 957
117 156
117 966
117 965
117 964
117 963
118 969
118 968
118 45
118 43
118 967
119 975
119 897
119 974
119 973
119 972
119 971
119 970
120 979
120 978
120 977
120 976
121 983
121 982
121 981
121 980
122 984
123 989
123 988
123 987
123 986
123 985
124 994
124 993
124 992
124 991
124 990
125 997
125 163
125 396
125 124
125 391
125 403
125 39
125 388
125 311
125 66
125 233
125 234
125 996
125 228
125 227
125 995
125 878
126 1000
126 999
126 998
127 1004
127 1003
127 1002
127 1001
128 1012
128 1011
128 1010
128 1009
128 1008
128 1007
128 464
128 1006
128 1005
129 1017
129 1016
129 1015
129 1014
129 1013
130 1020
130 544
130 1019
130 880
130 21
130 1018
131 1023
131 1022
131 1021
132 1028
132 1027
132 1026
132 1025
132 51
132 1024
133 1033
133 1032
133 1031
133 1030
133 1029
134 975
134 206
134 1037
134 1036
134 1035
134 1034
135 1041
135 1040
135 1039
135 1038
136 1045
136 1044
136 1043
136 1042
137 1048
137 1047
137 897
137 1046
138 1052
138 1051
138 1050
138 1049
139 1058
139 707
139 128
139 1057
139 884
139 261
139 762
139 1056
139 1055
139 1054
139 293
139 223
139 594
139 655
139 1053
140 1059
140 868
141 1062
141 1061
141 1060
142 1066
142 1065
142 1064
142 1063
143 1070
143 1069
143 1068
143 1067
144 1073
144 1072
144 1071
145 1079
145 1078
145 1077
145 1076
145 1075
145 1074
146 1082
146 1081
146 1080
147 521
147 1084
147 156
147 1083
148 476
148 736
148 199
148 1085
148 638
148 713
148 60
148 872
149 1090
149 1089
149 1088
149 1087
149 1086
150 1095
150 1094
150 1093
150 1092
150 1091
151 1110
151 1109
151 1108
151 1107
151 194
151 1106
151 1105
151 1104
151 1103
151 1102
151 1101
151 1100
151 1099
151 1098
151 1097
151 1096
152 1113
152 1112
152 1111
153 961
153 878
153 609
153 640
154 1114
155 1119
155 1118
155 1117
155 1116
155 1115
156 1120
157 1123
157 1122
157 214
157 1121
157 43
158 1129
158 1128
158 324
158 1127
158 1126
158 1125
158 1124
159 1131
159 1130
160 1136
160 1135
160 1134
160 1133
160 1132
161 30
161 371
161 375
161 441
161 400
161 255
161 156
161 138
161 135
161 194
161 835
161 482
161 1139
161 1138
161 282
161 83
161 333
161 1137
161 810
162 641
162 9
162 626
162 257
162 330
162 619
162 371
163 332
163 1142
163 373
163 544
163 117
163 539
163 106
163 1141
163 837
163 1140
163 83
164 1144
164 1143
165 1148
165 1147
165 1146
165 1145
166 1162
166 1161
166 1160
166 1159
166 422
166 34
166 308
166 626
166 875
166 330
166 507
166 1158
166 1157
166 254
166 1156
166 1155
166 1154
166 1153
166 1152
166 1151
166 1150
166 636
166 64
166 750
166 292
166 1149
167 125
167 1167
167 1166
167 760
167 619
167 476
167 376
167 617
167 506
167 1165
167 495
167 55
167 4
167 1164
167 1163
168 1170
168 1169
168 1168
169 1174
169 1173
169 1172
169 1136
169 1171
170 1177
170 1176
170 1175
171 1181
171 1180
171 1179
171 1178
172 206
172 1185
172 502
172 1184
172 1183
172 1182
172 880
172 23
173 1190
173 972
173 1189
173 1188
173 1187
173 1186
174 1192
174 263
174 1191
174 839
175 1195
175 1194
175 897
175 970
175 1193
176 1200
176 1199
176 1198
176 1197
176 1196
177 1205
177 1204
177 1203
177 1202
177 1201
178 1094
178 1207
178 1206
179 641
179 1208
179 714
179 243
179 146
180 1213
180 1212
180 1211
180 1210
180 1209
181 1217
181 1216
181 1215
181 1214
182 10
182 430
182 136
182 1222
182 1221
182 1220
182 542
182 1219
182 104
182 926
182 98
182 1218
183 1227
183 1226
183 1225
183 1224
183 1223
184 1231
184 1230
184 1229
184 1228
185 1234
185 1233
185 1232
186 1240
186 1239
186 1238
186 1237
186 1236
186 1235
187 1244
187 1243
187 1242
187 1241
188 1250
188 1249
188 1248
188 1247
188 1246
188 1245
189 40
189 361
189 169
189 709
189 1253
189 654
189 1252
189 1251
190 1255
190 73
190 11
190 597
190 584
190 1254
191 1257
191 845
191 1155
191 1256
192 526
192 258
192 652
192 1258
192 733
193 929
193 1260
193 716
193 721
193 1259
194 1265
194 1264
194 717
194 727
194 393
194 1263
194 275
194 1262
194 725
194 617
194 1261
195 962
195 960
195 762
195 846
195 1122
195 509
195 15
195 255
195 397
195 363
195 1267
195 369
195 246
195 112
195 1266
195 332
195 244
195 769
195 178
196 641
196 152
196 193
196 348
196 237
196 1
196 1268
196 656
197 869
197 10
197 45
197 33
197 398
197 57
197 1271
197 1270
197 1269
198 1056
198 818
198 1272
198 718
198 479
199 1278
199 511
199 35
199 31
199 596
199 256
199 841
199 1277
199 1276
199 1266
199 1275
199 1274
199 749
199 80
199 581
199 1273
200 1282
200 1281
200 1280
200 1279
201 1286
201 1285
201 837
201 1284
201 1283
202 1293
202 1292
202 1291
202 695
202 1290
202 67
202 1289
202 1288
202 1287
203 1296
203 1121
203 1264
203 846
203 1056
203 66
203 1295
203 1294
204 763
204 875
204 955
204 257
204 329
204 1302
204 1154
204 211
204 843
204 544
204 1208
204 954
204 1301
204 353
204 233
204 549
204 640
204 1300
204 1299
204 278
204 1298
204 456
204 1297
205 631
205 333
205 1310
205 1309
205 645
205 1308
205 1307
205 593
205 1098
205 1306
205 264
205 1305
205 1304
205 742
205 1303
206 1313
206 357
206 954
206 674
206 356
206 194
206 345
206 1312
206 90
206 419
206 284
206 1311
206 787
206 1269
207 1315
207 1314
208 1318
208 1317
208 1316
209 1322
209 1321
209 1320
209 1319
210 275
210 1167
210 390
210 1330
210 1329
210 1328
210 1327
210 883
210 784
210 1326
210 542
210 1325
210 1324
210 116
210 953
210 1323
210 283
210 80
211 1335
211 1334
211 1333
211 1332
211 1331
212 233
212 1337
212 1336
213 800
213 749
213 964
213 1303
213 1338
214 1351
214 412
214 1350
214 196
214 117
214 63
214 1349
214 967
214 115
214 1348
214 790
214 880
214 497
214 192
214 307
214 1347
214 1346
214 1345
214 101
214 57
214 1344
214 611
214 346
214 668
214 1343
214 55
214 835
214 1342
214 483
214 1341
214 662
214 286
214 1340
214 783
214 1339
215 1357
215 1356
215 1355
215 1354
215 1353
215 1352
216 1360
216 1359
216 1358
217 843
217 1378
217 367
217 883
217 714
217 1377
217 616
217 399
217 1376
217 1375
217 117
217 1374
217 1373
217 1372
217 1371
217 672
217 354
217 290
217 825
217 838
217 735
217 1370
217 342
217 57
217 1266
217 346
217 1369
217 345
217 56
217 1368
217 836
217 1367
217 335
217 1366
217 823
217 226
217 483
217 1140
217 87
217 1365
217 1364
217 176
217 83
217 1363
217 1362
217 1361
217 963
218 1383
218 1382
218 1073
218 1381
218 1024
218 1380
218 1379
219 1387
219 1386
219 1336
219 556
219 827
219 255
219 30
219 1150
219 239
219 97
219 548
219 854
219 1385
219 1384
220 1238
220 1296
220 726
220 159
220 196
220 364
220 134
220 242
220 22
220 493
220 857
220 490
220 1390
220 1346
220 205
220 668
220 230
220 1
220 20
220 1389
220 1388
220 579
220 599
220 1384
220 684
220 853
221 1122
221 72
221 524
221 123
221 136
221 1391
221 1347
221 650
222 1395
222 859
222 1394
222 1289
222 1020
222 1393
222 1392
222 90
222 813
222 1311
223 703
223 64
223 274
223 1397
223 1396
223 815
224 388
224 1330
224 310
224 274
224 839
224 1183
225 751
225 438
225 845
225 513
225 68
225 33
225 8
225 1402
225 247
225 1401
225 671
225 143
225 1400
225 342
225 1266
225 91
225 21
225 407
225 171
225 754
225 1399
225 798
225 1398
226 132
226 257
226 1402
226 146
226 134
226 244
226 63
226 353
226 100
226 98
226 996
226 965
226 84
226 963
227 1404
227 1403
228 566
228 1406
228 358
228 352
228 1405
229 959
229 452
229 281
229 579
229 1407
230 1412
230 1411
230 1410
230 1409
230 1408
231 1416
231 1415
231 1414
231 1413
232 1422
232 1421
232 1195
232 1420
232 1419
232 1418
232 1417
233 1424
233 1423
233 717
234 1426
234 719
234 1425
234 638
235 1431
235 1430
235 1429
235 1428
235 1427
236 1434
236 1433
236 1432
237 13
237 962
237 73
237 884
237 1264
237 859
237 396
237 391
238 1438
238 1437
238 1436
238 1435
239 1443
239 1442
239 1441
239 1440
239 1439
240 1444
241 1445
242 1073
242 1447
242 1446
243 1450
243 1449
243 1448
244 1456
244 1455
244 1454
244 1453
244 1452
244 1451
245 428
245 121
245 1157
245 1459
245 1458
245 1301
245 658
245 271
245 608
245 1457
245 279
246 1462
246 1461
246 506
246 1460
247 368
247 105
247 306
247 1464
247 101
247 547
247 1463
247 277
248 994
248 158
248 437
248 694
248 1275
248 140
248 654
249 1360
249 1469
249 1468
249 1467
249 1466
249 1465
250 1470
251 1476
251 802
251 1475
251 644
251 699
251 1474
251 1473
251 1472
251 1471
251 186
252 1260
252 1479
252 1478
252 170
252 282
252 1477
253 1481
253 1480
254 1485
254 1172
254 1484
254 1136
254 1195
254 897
254 1483
254 1482
255 1489
255 1488
255 1487
255 1486
256 1493
256 1492
256 911
256 1491
256 1136
256 907
256 1484
256 1490
257 1497
257 1496
257 1495
257 1494
258 559
258 1501
258 1500
258 1499
258 1498
259 1505
259 1504
259 1503
259 1502
260 1507
260 1506
261 1511
261 1510
261 1509
261 1508
262 1513
262 1512
263 1517
263 1516
263 1515
263 1514
264 1520
264 1519
264 1518
265 1524
265 1523
265 1522
265 1521
266 1527
266 1526
266 1525
267 604
267 386
267 309
267 257
267 441
267 170
268 603
268 330
268 1529
268 145
268 1528
269 1528
269 352
269 21
269 1530
269 302
269 1261
270 983
270 1533
270 1532
270 1531
271 1537
271 1536
271 1535
271 1534
272 427
272 1540
272 1142
272 253
272 1165
272 1539
272 1150
272 712
272 249
272 354
272 1538
272 348
272 239
273 1543
273 688
273 1542
273 1541
273 19
274 1545
274 1396
274 187
274 1544
275 1549
275 1548
275 1547
275 1546
276 1553
276 1552
276 1551
276 1550
277 1558
277 1557
277 1556
277 1555
277 1554
278 843
278 1559
278 1208
278 217
279 1560
279 822
279 1285
279 285
279 425
279 478
279 812
280 1030
280 1030
280 1016
280 1016
280 1562
280 1562
280 1561
280 1561
281 1566
281 1119
281 1565
281 1564
281 1563
282 1572
282 1571
282 1570
282 1569
282 1568
282 155
282 1567
283 1573
284 1577
284 1576
284 1575
284 1574
285 225
285 877
286 1581
286 869
286 1580
286 431
286 1296
286 732
286 259
286 1579
286 607
286 1578
287 1585
287 796
287 1584
287 1583
287 1582
288 1587
288 1586
289 1589
289 1588
290 1591
290 258
290 244
290 1590
291 332
291 1593
291 665
291 1592
292 1595
292 1156
292 369
292 790
292 145
292 1056
292 550
292 376
292 1594
293 1596
294 1599
294 1598
294 1597
295 1260
295 501
295 243
295 194
295 193
295 245
295 191
295 666
295 335
295 1164
295 483
295 549
295 1138
296 1603
296 1602
296 1601
296 1600
297 1606
297 1605
297 1604
298 1611
298 776
298 1610
298 1609
298 1608
298 1607
299 1614
299 1613
299 1612
300 1617
300 1616
300 1615
301 928
301 340
301 875
301 441
301 66
301 378
301 1621
301 1327
301 713
301 248
301 244
301 63
301 1620
301 1619
301 1618
301 1478
301 76
302 1035
302 1626
302 1625
302 1624
302 1023
302 1623
302 1622
303 717
303 1208
303 198
303 1627
303 62
303 1370
303 691
303 79
304 424
304 422
304 161
304 36
304 257
304 157
304 363
304 135
304 246
304 1538
304 26
304 344
304 232
304 1270
304 1629
304 835
304 1628
305 312
305 415
305 372
305 550
305 210
306 324
306 1630
307 616
307 638
308 1208
308 5
308 346
308 173
309 1638
309 1637
309 1636
309 1635
309 1634
309 1633
309 1632
309 1631
310 1642
310 1641
310 1640
310 1639
311 1648
311 1394
311 426
311 1545
311 1647
311 1155
311 211
311 602
311 1646
311 1184
311 228
311 497
311 60
311 1301
311 1645
311 1644
311 96
311 1367
311 1643
311 221
311 536
312 1653
312 1652
312 1651
312 1650
312 1649
313 295
313 1655
313 1654
314 1659
314 1658
314 1657
314 1656
315 1664
315 1663
315 1662
315 1661
315 1660
316 1678
316 1677
316 1676
316 1176
316 1675
316 1674
316 1673
316 1672
316 1671
316 1670
316 1669
316 1668
316 1667
316 1666
316 1665
316 747
317 1681
317 1680
317 1679
318 1686
318 1685
318 1469
318 1684
318 1683
318 1682
319 921
319 126
319 622
319 512
319 624
319 402
319 510
319 386
319 382
320 740
320 638
320 211
320 1689
320 1688
320 636
320 1646
320 1373
320 1687
320 217
320 1543
320 343
321 1692
321 79
321 1309
321 1691
321 1690
322 913
322 1694
322 1693
323 1701
323 1700
323 1699
323 1698
323 1697
323 1696
323 1695
324 951
324 1181
324 1704
324 1703
324 1702
325 1707
325 1706
325 1705
326 1192
326 1192
326 1708
326 1708
327 1712
327 1711
327 1710
327 939
327 1709
328 1715
328 889
328 1714
328 1418
328 1713
329 201
329 787
329 1474
329 1473
329 1472
330 1252
330 1306
330 1722
330 654
330 1721
330 1720
330 952
330 1719
330 1718
330 1717
330 1716
330 1297
331 867
331 1139
331 480
331 80
331 1724
331 534
331 1723
332 1728
332 1727
332 1726
332 1725
333 1731
333 1730
333 1126
333 166
333 1729
333 717
334 1733
334 1732
335 1734
336 1738
336 1737
336 1721
336 1736
336 1735
337 1458
337 1740
337 178
337 1739
338 1742
338 1741
339 1748
339 1360
339 1747
339 1746
339 1745
339 1744
339 1743
340 1756
340 1755
340 1754
340 1753
340 1752
340 1732
340 1751
340 1750
340 1749
341 1757
342 1760
342 1759
342 1758
342 1030
342 715
343 1761
343 15
343 44
343 260
344 1762
345 1765
345 1764
345 1763
346 793
346 794
346 1545
346 1559
346 1155
347 1768
347 1767
347 1766
348 1772
348 1771
348 88
348 1274
348 1770
348 1769
348 439
349 28
349 252
349 364
349 195
349 135
349 674
349 501
349 24
349 1775
349 735
349 105
349 22
349 553
349 232
349 490
349 1774
349 190
349 822
349 205
349 484
349 169
349 85
349 925
349 174
349 1
349 1773
349 631
349 79
350 790
350 1276
350 170
350 1773
350 1776
350 80
350 418
350 78
351 1778
351 1777
352 1780
352 1779
353 1783
353 1782
353 1781
354 1784
355 373
355 1267
355 1539
355 229
355 86
356 537
356 626
356 199
356 1785
356 251
356 545
356 4
357 206
357 1788
357 386
357 1787
357 1637
357 1786
358 936
358 1792
358 1296
358 127
358 70
358 395
358 1791
358 370
358 1402
358 1375
358 112
358 60
358 59
358 1790
358 406
358 1789
359 1795
359 1794
359 1793
360 1800
360 1799
360 1501
360 1798
360 1797
360 1796
361 122
361 504
361 252
361 1801
361 356
361 109
361 494
361 1346
362 1803
362 1802
363 1805
363 1804
364 1807
364 474
364 1151
364 784
364 545
364 247
364 1374
364 674
364 111
364 107
364 1806
364 101
364 958
364 170
364 700
364 708
364 1472
365 1811
365 1810
365 1809
365 1808
366 1813
366 1812
366 338
367 928
367 1815
367 1814
367 1418
368 1818
368 1302
368 1817
368 1301
368 1816
369 10
369 261
369 430
369 458
369 173
370 1819
370 960
370 1327
370 686
370 549
370 547
371 1821
371 1820
372 1825
372 1824
372 1823
372 1822
372 1606
373 1832
373 1831
373 1830
373 1829
373 1828
373 1827
373 1826
374 1834
374 1833
374 960
374 624
374 622
374 623
375 1838
375 1837
375 1836
375 1835
376 1580
376 1336
376 875
376 330
376 368
376 238
376 1643
377 1843
377 1842
377 1841
377 1840
377 1839
378 1847
378 1846
378 1845
378 1844
379 371
379 1156
379 400
379 1539
379 807
379 1849
379 440
379 1848
380 871
380 539
380 1182
380 292
380 607
380 1851
380 1850
381 1296
381 212
381 1621
381 567
381 1853
381 836
381 1852
382 1858
382 1175
382 1857
382 1856
382 1855
382 1854
383 1863
383 1862
383 1861
383 1860
383 1859
384 1867
384 1866
384 1865
384 1864
385 1870
385 1869
385 1868
385 324
386 1874
386 1873
386 1872
386 1871
387 1540
387 228
387 242
387 565
387 688
387 232
387 335
387 535
387 1875
387 1258
388 139
388 274
388 826
388 1876
388 1397
388 927
388 150
388 1378
388 646
388 628
388 501
388 667
388 662
388 406
389 1393
389 1378
389 441
389 412
389 365
389 327
389 364
389 1539
389 292
389 25
389 1740
389 203
389 1879
389 668
389 835
389 169
389 1776
389 1340
389 406
389 1878
389 655
389 1877
389 579
389 18
389 17
390 255
390 1295
390 1020
390 1378
390 1688
390 1689
390 1880
390 1349
391 1262
391 1881
392 1885
392 1884
392 1883
392 1882
392 1243
393 1887
393 1886
394 1890
394 1792
394 1889
394 1888
395 1893
395 1893
395 1892
395 1892
395 1891
395 1891
396 1896
396 1895
396 1317
396 1894
397 1900
397 1899
397 1898
397 1897
398 843
398 248
398 1183
398 349
398 857
398 769
398 87
398 1083
398 286
399 1617
399 1902
399 1757
399 1901
400 1906
400 1905
400 1904
400 682
400 1903
401 1378
401 739
401 6
401 289
401 667
401 1907
402 1912
402 587
402 1911
402 1910
402 1909
402 1908
402 69
402 195
402 245
402 232
403 1915
403 1176
403 1190
403 1914
403 1913
404 324
404 1919
404 1918
404 1917
404 1916
405 244
405 115
406 1923
406 1766
406 1922
406 1921
406 1920
407 1927
407 1926
407 1925
407 1924
408 129
408 524
408 960
408 736
408 744
409 10
409 398
409 97
409 836
409 1270
409 1361
410 1928
410 960
410 124
410 511
410 624
410 623
410 622
411 1929
412 1932
412 1931
412 1930
412 1057
412 694
413 1933
413 521
413 41
413 921
413 341
413 423
413 346
413 548
414 28
414 119
414 325
414 493
415 1936
415 1935
415 1934
416 1937
416 28
416 843
416 553
416 285
417 1942
417 1941
417 1940
417 1939
417 1938
418 1945
418 426
418 550
418 28
418 346
418 1944
418 1943
419 880
419 1947
419 59
419 1687
419 1946
420 1951
420 1064
420 1950
420 1949
420 1948
421 690
421 1964
421 1150
421 838
421 712
421 144
421 230
421 294
421 1464
421 1963
421 355
421 553
421 958
421 1962
421 1055
421 1961
421 1347
421 661
421 607
421 536
421 286
421 1140
421 229
421 1960
421 1959
421 1958
421 1957
421 1956
421 815
421 1955
421 1946
421 1954
421 1953
421 78
421 1952
422 1967
422 1966
422 1965
423 1971
423 1424
423 1970
423 1969
423 1968
424 1975
424 1974
424 1973
424 1972
425 1976
426 1980
426 1014
426 1979
426 1978
426 1977
427 1984
427 1983
427 1982
427 1981
428 1987
428 1986
428 1985
429 1988
430 1992
430 1991
430 1990
430 1989
431 1998
431 1997
431 926
431 1996
431 835
431 1995
431 1848
431 1994
431 221
431 854
431 1311
431 201
431 1339
431 1252
431 1993
432 2002
432 2001
432 2000
432 1999
433 2005
433 4
433 807
433 2004
433 21
433 2003
434 2009
434 2008
434 2007
434 2006
435 356
435 565
435 1619
435 735
435 347
436 1876
436 120
436 1327
436 121
436 196
436 251
436 2011
436 566
436 358
436 1106
436 235
436 1271
436 607
436 655
436 799
436 2010
437 1388
437 2013
437 18
437 2012
438 2016
438 2015
438 2014
439 2020
439 2019
439 2018
439 2017
440 2025
440 2024
440 2023
440 2022
440 2021
441 1688
441 1689
441 474
441 250
441 2026
441 487
441 805
442 2028
442 2027
443 912
443 2029
444 2034
444 1047
444 2033
444 2032
444 2031
444 2030
445 2038
445 2037
445 2036
445 1690
445 2035
446 2041
446 2040
446 2039
447 567
447 2042
447 361
447 538
448 571
448 928
448 1184
448 635
448 1388
448 1993
449 2043
449 4
449 1774
450 2046
450 2045
450 395
450 2044
451 2047
451 1515
451 1516
451 1185
452 2015
452 2050
452 2049
452 2048
453 324
453 2052
453 2051
453 218
454 603
454 519
454 1593
454 2053
454 816
455 2057
455 2056
455 2055
455 2054
456 1382
456 464
456 1493
456 1024
457 1417
457 2062
457 2061
457 2060
457 167
457 2059
457 2058
458 1068
458 2065
458 2064
458 715
458 2063
459 2070
459 2069
459 2068
459 2067
459 2066
460 1164
460 271
460 283
460 1774
461 2073
461 1317
461 166
461 2072
461 2071
462 2077
462 2076
462 1243
462 2075
462 2074
462 1105
463 898
463 2081
463 2080
463 2079
463 2078
464 1908
464 556
464 1688
464 554
464 106
464 58
464 201
465 2085
465 2084
465 2083
465 2082
466 2088
466 2087
466 2086
467 2091
467 2090
467 1818
467 2089
468 2095
468 2094
468 2093
468 2092
469 2100
469 2099
469 1575
469 2098
469 2097
469 2096
470 1868
470 1869
470 2101
470 1119
471 2105
471 583
471 1953
471 2104
471 1310
471 2103
471 2102
471 593
471 787
471 1269
471 1304
472 1971
472 2108
472 2107
472 980
472 2106
473 2113
473 2112
473 2111
473 2110
473 2109
474 690
474 1374
474 2114
474 637
475 1244
475 1020
475 397
475 1876
475 843
475 1397
475 792
475 1594
475 27
475 326
475 6
475 356
475 302
475 2118
475 612
475 497
475 306
475 106
475 294
475 657
475 4
475 666
475 768
475 2053
475 1364
475 2117
475 584
475 177
475 87
475 1776
475 1773
475 2116
475 1878
475 2115
475 1218
476 2119
476 929
476 1161
476 762
476 728
476 341
477 2123
477 2122
477 2121
477 2120
477 2053
478 2127
478 2126
478 2125
478 2124
479 2131
479 2130
479 2129
479 1207
479 53
479 897
479 2128
480 2136
480 2135
480 2134
480 1469
480 2133
480 2132
481 179
481 2138
481 168
481 2137
481 1363
481 172
482 2139
483 2143
483 2142
483 2141
483 2140
484 2148
484 2147
484 2146
484 1902
484 2145
484 2144
485 2149
486 2150
487 1361
487 1388
487 1877
487 2151
488 2153
488 1201
488 2152
489 2104
489 594
489 79
489 645
489 2155
489 1477
489 17
489 2154
490 1418
490 2157
490 2156
491 556
491 2158
491 405
491 73
491 641
491 845
492 1545
492 2159
492 813
492 749
493 909
493 2162
493 2161
493 2160
494 2165
494 2151
494 2164
494 2163
495 2166
496 211
496 638
496 841
496 1151
496 1376
496 502
496 2114
496 2168
496 492
496 756
496 2117
496 2167
497 2174
497 1151
497 2173
497 2172
497 116
497 2171
497 2170
497 2169
498 1095
498 2178
498 2177
498 2176
498 2175
499 2182
499 2181
499 2180
499 2179
500 2190
500 2189
500 2188
500 2187
500 2186
500 2185
500 2184
500 2183
501 1117
501 2191
502 2197
502 2196
502 2195
502 2194
502 2193
502 2192
503 2201
503 2200
503 2199
503 1637
503 2198
504 1954
504 709
504 1310
504 2202
504 957
505 929
505 2203
505 194
505 457
505 1996
506 2208
506 2207
506 2206
506 2205
506 1984
506 2204
507 324
507 2211
507 796
507 2210
507 2209
508 2216
508 2215
508 2214
508 2213
508 2212
509 2220
509 1201
509 2219
509 2218
509 2217
510 2222
510 1171
510 1492
510 1382
510 2221
511 2226
511 2225
511 2224
511 2223
512 2227
513 1679
513 2230
513 1108
513 2229
513 2228
514 1384
514 2232
514 2165
514 2231
514 684
514 723
515 2235
515 2234
515 1574
515 520
515 2233
516 1056
516 2238
516 2237
516 2172
516 702
516 2236
516 584
517 2240
517 2239
518 2244
518 2243
518 2242
518 2241
519 2247
519 2246
519 1317
519 2245
520 2127
520 560
520 2250
520 2249
520 2248
521 2252
521 2251
522 824
522 300
522 1312
522 87
522 2254
522 536
522 2253
522 815
523 2256
523 2255
523 372
523 954
523 1538
523 1959
524 1951
524 911
524 1434
524 2258
524 2257
525 2265
525 2264
525 2263
525 2262
525 2261
525 2260
525 2259
526 2157
526 2268
526 2267
526 2266
527 2273
527 970
527 2272
527 1176
527 1132
527 2271
527 2270
527 2269
528 2277
528 2276
528 2275
528 2274
529 397
529 2278
529 94
529 658
529 348
530 1302
530 115
530 1853
530 62
530 2279
530 104
530 1361
531 1776
531 2281
531 2280
532 2282
532 616
532 399
532 211
532 195
532 637
532 1222
533 2286
533 2285
533 2284
533 2283
534 1052
534 2289
534 2288
534 2287
535 2293
535 2292
535 2291
535 2290
536 2296
536 2295
536 295
536 2294
537 2298
537 2298
537 2297
537 2297
538 1785
538 2301
538 303
538 2300
538 97
538 966
538 210
538 2299
538 1275
538 1285
538 807
539 717
539 341
539 623
539 784
540 2302
541 2133
541 328
541 843
541 1545
541 1156
541 1770
541 86
541 2303
542 1884
542 1934
542 1855
542 1845
543 2308
543 2307
543 2306
543 2011
543 1374
543 248
543 2305
543 500
543 1372
543 601
543 718
543 1345
543 2304
544 2313
544 2312
544 1150
544 354
544 672
544 674
544 2236
544 64
544 595
544 719
544 1272
544 292
544 62
544 2026
544 239
544 2311
544 1528
544 353
544 2299
544 88
544 267
544 1323
544 2310
544 645
544 170
544 2309
544 831
544 957
544 1993
545 182
545 506
545 2315
545 2314
546 2317
546 799
546 2316
546 1269
546 2231
546 1736
547 2320
547 2319
547 877
547 2318
548 644
548 2324
548 2323
548 2322
548 1398
548 2321
549 2327
549 445
549 877
549 2326
549 2325
550 2330
550 2329
550 2328
551 899
551 2334
551 2333
551 2332
551 2331
552 305
552 500
552 2335
552 94
552 425
552 54
553 97
553 2336
553 1294
554 2338
554 2337
555 2343
555 2342
555 2341
555 2340
555 2339
555 1150
556 138
556 30
556 1879
556 2346
556 2345
556 2344
557 45
557 652
557 1402
557 882
557 358
557 2347
558 2348
558 1378
558 373
558 118
558 496
558 217
558 343
558 1345
558 611
558 2303
558 1724
559 2350
559 1212
559 413
559 178
559 81
559 2349
559 579
560 2353
560 2352
560 1323
560 2169
560 269
560 2351
561 464
561 1493
561 2354
561 431
561 884
562 1336
562 2356
562 2355
562 1961
563 2358
563 803
563 2357
563 1477
563 1471
563 1098
563 1252
564 1458
564 880
564 63
564 1141
564 58
564 1528
564 816
565 521
565 726
565 966
565 21
566 2360
566 2359
567 2362
567 1243
567 2361
568 1231
568 2366
568 2365
568 2120
568 2364
568 1302
568 1539
568 292
568 148
568 2114
568 770
568 1645
568 735
568 872
568 2300
568 229
568 2363
569 2369
569 2368
569 2367
570 2373
570 2372
570 2371
570 2370
571 2377
571 2376
571 2375
571 2374
572 532
572 1008
572 531
572 1195
572 2378
573 1736
573 802
573 1218
573 2380
573 2010
573 2379
574 1426
574 359
574 120
574 1222
574 336
574 689
575 2382
575 2382
575 2160
575 2160
575 2381
575 2381
576 2385
576 2385
576 2384
576 2384
576 2383
576 2383
577 397
577 1648
577 1621
577 27
577 506
577 369
577 150
577 2386
578 2390
578 2389
578 2388
578 2387
579 1264
579 520
579 1160
579 2171
580 2392
580 2391
581 2357
581 591
581 2393
581 708
581 654
582 670
582 485
582 2394
583 437
583 138
583 156
583 1295
583 374
583 7
583 1648
583 342
583 501
584 1378
584 62
584 59
584 1348
584 670
584 645
584 16
585 2400
585 2399
585 2398
585 2397
585 2396
585 227
585 2395
585 88
585 2053
586 2402
586 324
586 1800
586 2401
587 812
587 1098
587 1739
587 2404
587 1339
587 2403
587 576
588 2406
588 496
588 105
588 2405
588 98
588 304
589 151
589 662
589 534
589 582
589 963
589 2154
590 426
590 135
590 932
590 1590
590 1390
590 1877
591 157
591 2114
591 142
591 2407
592 2410
592 2409
592 2408
592 1035
593 2415
593 1411
593 1195
593 2414
593 897
593 2413
593 2412
593 900
593 2411
593 324
593 1172
593 907
593 1176
594 954
594 196
594 364
594 1184
594 64
594 361
594 499
594 2278
594 104
594 106
594 1879
594 1464
594 191
594 4
594 2416
594 488
594 836
594 419
594 2003
594 276
595 2425
595 2424
595 929
595 2423
595 716
595 2422
595 2421
595 620
595 498
595 613
595 2420
595 1345
595 497
595 2419
595 2416
595 2418
595 2254
595 1139
595 2417
596 1020
596 703
596 150
596 369
596 121
596 23
596 1327
597 2426
597 1175
597 1482
598 476
598 2429
598 2428
598 2427
599 883
599 1425
599 543
599 499
599 2431
599 661
599 2430
599 813
599 1311
600 2434
600 444
600 1737
600 2433
600 2432
601 2436
601 776
601 1483
601 182
601 2435
602 321
602 870
602 2437
603 739
603 305
603 2438
603 244
603 241
603 349
603 649
603 223
603 1544
603 1691
604 707
604 119
604 64
604 757
604 2346
604 350
604 1396
604 231
604 55
604 2439
604 925
604 662
604 783
604 639
605 556
605 443
605 2440
605 148
606 72
606 45
606 567
606 140
606 639
606 582
606 2319
607 671
607 1961
607 1300
608 402
608 619
608 441
608 109
608 2441
609 2444
609 2443
609 2442
609 153
610 549
610 222
610 656
610 17
610 2447
610 2446
610 2445
611 2449
611 417
611 1475
611 580
611 1691
611 644
611 1269
611 578
611 2232
611 2448
611 575
611 574
612 2450
612 79
612 1691
612 708
613 2202
613 798
613 2357
613 831
613 2232
614 283
614 2453
614 222
614 1544
614 2394
614 1776
614 659
614 2309
614 743
614 1878
614 1018
614 78
614 1389
614 656
614 1253
614 2317
614 75
614 802
614 579
614 2452
614 18
614 2165
614 2451
615 2457
615 2456
615 2455
615 2454
616 2119
617 2459
617 2459
617 2458
617 2458
618 2463
618 2462
618 2461
618 2460
619 2464
619 2250
619 2121
619 1357
619 1238
620 27
620 362
620 501
620 134
620 750
620 112
620 113
621 136
621 2467
621 1020
621 505
621 2466
621 1458
621 355
621 1956
621 767
621 1018
621 2465
622 28
622 375
622 369
622 145
622 356
622 967
622 1390
622 93
622 1
622 175
622 1340
622 655
622 2317
622 16
623 760
623 720
623 2468
623 545
623 104
623 1370
624 1667
624 2414
624 2471
624 975
624 2470
624 2469
624 1048
624 2190
625 2474
625 2214
625 2473
625 2472
626 2476
626 2475
627 2480
627 2479
627 2158
627 707
627 255
627 400
627 2478
627 2477
628 2481
628 827
628 758
628 1150
628 2431
628 170
628 1340
628 1096
629 2483
629 504
629 638
629 1222
629 2482
630 2485
630 2484
630 1096
630 577
630 186
630 2322
630 742
630 2038
631 2488
631 2487
631 764
631 2486
632 1721
632 765
632 1789
632 2324
632 2489
633 1948
634 2492
634 2491
634 2490
635 2499
635 2498
635 1096
635 2497
635 574
635 2496
635 589
635 2495
635 877
635 748
635 2494
635 2493
636 412
636 501
636 242
636 825
636 493
636 2500
636 483
636 823
636 813
636 575
636 2448
637 432
637 369
637 357
637 373
637 1158
637 2468
637 1326
637 248
637 2407
637 818
637 1458
637 1806
637 101
637 2503
637 2502
637 2501
638 2504
639 1843
639 2506
639 2505
640 2509
640 576
640 2508
640 2507
640 577
641 16
641 1472
641 2451
641 698
642 2232
642 2512
642 445
642 2511
642 2510
643 2514
643 2513
643 793
644 1154
644 65
644 305
644 360
644 247
644 23
644 1149
644 2515
644 926
644 1619
644 710
644 1528
644 2300
645 2518
645 2517
645 2516
646 1136
646 2519
646 776
647 2034
647 2521
647 2520
648 2535
648 2534
648 2533
648 2532
648 563
648 2531
648 2530
648 2529
648 2528
648 2527
648 2526
648 2525
648 2524
648 2523
648 2522
648 1792
649 141
649 45
649 1328
649 825
649 87
650 2538
650 2537
650 2536
650 279
650 2351
650 783
650 593
650 811
650 691
651 2540
651 2539
652 27
652 364
652 195
652 926
652 3
653 703
653 433
653 954
653 1806
653 878
654 554
654 2278
654 2026
654 1276
654 352
654 2541
655 138
655 400
655 253
655 153
655 1370
656 2481
656 529
656 442
656 127
656 716
657 2543
657 638
657 702
657 61
657 194
657 2542
657 1396
657 88
657 1261
657 83
657 919
657 534
658 1310
658 1308
658 2544
658 2447
659 760
659 1142
659 544
659 720
659 412
659 567
659 197
660 567
660 759
660 674
660 2545
660 193
660 244
660 825
660 217
660 2335
661 326
661 244
661 564
661 238
661 585
661 488
661 1
662 2447
662 1096
662 1944
662 2547
662 2324
662 785
662 2546
662 2446
663 2551
663 575
663 2550
663 1720
663 1719
663 2508
663 2549
663 2548
663 1690
664 2555
664 2554
664 2553
664 2552
665 520
665 604
665 382
665 434
665 139
665 875
665 1785
665 1876
666 714
666 2238
666 502
666 818
666 2541
666 880
666 2118
666 1141
666 106
666 497
666 790
666 873
666 105
666 304
666 1347
666 1345
666 492
666 1464
666 926
666 301
666 2558
666 179
666 271
666 169
666 953
666 1995
666 547
666 1520
666 1724
666 418
666 1878
666 2557
666 645
666 593
666 2556
666 1475
667 2561
667 739
667 2560
667 172
667 2559
667 1476
668 869
668 128
668 741
669 2564
669 327
669 365
669 689
669 2563
669 1266
669 2562
669 1388
669 18
670 1286
670 2118
670 112
670 2565
671 271
671 2568
671 2567
671 1323
671 815
671 734
671 1544
671 1852
671 406
671 2566
671 75
671 1252
672 267
672 2571
672 2570
672 2569
672 2358
673 1374
673 1184
673 1458
673 306
673 4
673 1365
674 382
674 135
674 134
674 735
674 345
674 668
674 335
674 1366
674 599
675 96
675 2416
675 2299
675 229
675 958
675 483
675 2573
675 650
675 661
675 2572
675 639
676 2574
677 811
677 1723
677 2449
677 804
677 1691
677 2154
677 733
677 1269
677 2417
678 1378
678 702
678 496
679 270
679 854
679 81
679 1388
679 580
679 2351
680 1267
680 2043
680 348
680 838
681 550
681 506
681 843
681 1184
681 790
681 351
681 224
681 1396
681 101
681 93
681 419
681 1541
681 1271
681 229
681 685
681 169
681 85
681 2576
681 659
681 1362
681 2102
681 963
681 2575
681 2433
681 683
682 1138
682 1399
682 749
682 2578
682 2577
682 79
682 1389
682 656
682 1339
682 18
682 2575
683 820
683 1399
683 648
683 478
683 2115
683 2103
683 1309
683 2579
684 2583
684 2583
684 2582
684 2582
684 1667
684 1667
684 2581
684 2581
684 2580
684 2580
684 2126
684 2126
685 2057
685 2587
685 2586
685 2585
685 2584
686 1426
686 397
686 720
686 544
686 375
686 362
686 421
686 2589
686 2588
686 266
687 2590
687 578
687 2164
687 1398
687 2379
687 200
688 151
688 808
688 1853
688 553
688 552
689 1264
689 41
689 732
689 1591
689 859
689 519
689 123
689 740
690 1384
690 2154
690 2547
690 2446
690 2591
691 1770
691 279
691 691
691 2104
691 593
692 2595
692 2594
692 2593
692 2592
693 1160
693 125
693 386
693 257
693 2597
693 373
693 768
693 2596
694 1056
694 326
694 169
694 20
695 332
695 2598
695 31
695 1056
695 771
695 709
696 2602
696 2601
696 2540
696 2600
696 2599
697 2604
697 2603
698 743
698 1723
698 18
699 1266
699 823
699 1790
699 1270
700 191
700 2558
700 1275
700 1958
700 91
700 1956
700 1773
701 801
701 1520
701 2605
702 2608
702 573
702 2607
702 2606
702 1297
703 2611
703 787
703 2610
703 2609
703 811
703 578
703 2322
703 1218
704 156
704 400
704 138
704 646
704 826
704 362
704 135
704 420
704 967
704 720
704 2612
704 790
704 816
705 1056
705 2543
705 248
705 595
705 106
705 342
705 224
705 1368
705 93
706 398
706 1276
706 2613
706 1301
706 1106
706 2541
706 1464
707 1647
707 2614
707 211
707 1019
707 1208
708 2616
708 2615
708 1402
708 441
708 1345
708 617
708 56
709 2617
709 2223
709 14
709 1594
709 1325
710 928
710 1964
710 133
711 2618
712 580
712 2619
712 1993
712 952
713 427
713 619
713 441
713 1156
713 433
713 371
713 1545
713 367
713 2621
713 2620
713 411
714 1056
714 1647
714 369
714 2543
714 196
714 59
714 1396
714 142
714 1369
714 768
714 2053
714 686
714 2137
714 2482
714 2623
714 800
714 478
714 582
714 2622
714 1472
715 398
715 362
715 1539
715 243
715 245
715 1994
715 2394
716 2625
716 2103
716 656
716 2624
716 785
717 119
717 1375
717 2312
717 2042
717 2621
717 2626
718 292
718 1959
718 700
719 1325
719 105
719 1361
719 2627
720 398
720 1020
720 2629
720 793
720 136
720 927
720 1286
720 7
720 506
720 1222
720 1426
720 620
720 2628
721 1270
721 650
721 743
722 2312
722 2631
722 542
722 1277
722 217
722 710
722 958
722 2630
722 2502
723 1056
723 2543
723 2238
723 505
723 502
723 242
723 134
723 245
723 497
723 2632
723 105
723 348
723 649
723 232
723 87
723 918
724 2634
724 2633
725 115
725 217
725 1272
725 2635
725 1163
725 1954
725 847
726 2640
726 432
726 793
726 2639
726 739
726 502
726 718
726 2638
726 60
726 2637
726 1396
726 2636
727 2641
727 1266
727 769
727 1392
727 1769
728 2578
728 2577
728 1388
728 655
728 2642
728 1691
728 599
728 847
728 276
728 2498
729 1541
729 2003
730 854
730 333
730 2579
730 18
730 2575
731 1020
731 544
731 1594
731 954
731 1287
731 674
731 2578
731 18
731 17
732 153
732 157
732 2305
732 1459
732 493
732 491
732 489
732 1590
733 747
733 2644
733 2643
734 397
734 595
734 496
734 2279
734 2565
735 619
735 736
735 665
735 2645
735 607
736 504
736 1151
736 121
736 674
736 635
736 718
736 2515
736 712
736 307
736 111
736 2648
736 290
736 2647
736 2405
736 1285
736 144
736 1619
736 1963
736 494
736 2563
736 671
736 735
736 1344
736 2300
736 1618
736 1390
736 2646
736 710
736 1312
736 419
737 76
737 1258
737 2649
737 684
737 2433
738 2543
738 1374
738 64
738 234
739 793
739 1286
739 1876
739 1155
739 502
739 1397
739 428
740 1647
740 714
740 1222
740 1327
740 638
740 2650
740 2238
740 412
740 636
740 502
740 1326
740 117
741 707
741 523
741 2651
741 1579
742 2655
742 2654
742 2653
742 2652
743 2657
743 2656
744 670
744 836
744 835
744 1520
745 883
745 1267
745 2650
745 115
745 815
745 2658
746 2661
746 2660
746 823
746 822
746 2659
746 2254
747 259
747 732
747 120
747 475
747 2662
748 1592
748 1953
748 2663
748 749
748 478
748 1300
748 1385
748 2010
749 1286
749 2665
749 2664
749 2629
749 793
749 2237
750 2666
750 2646
750 878
751 2670
751 1733
751 1571
751 2669
751 2668
751 2667
752 1876
752 1261
752 2671
752 1283
753 1020
753 714
753 497
753 1347
753 342
753 2394
753 2503
754 672
754 595
754 23
754 352
755 883
755 1085
755 2633
755 1055
755 1350
756 2672
756 340
756 415
756 653
757 2674
757 2673
757 1326
757 879
758 7
758 28
758 1426
758 412
758 357
758 119
758 356
758 145
758 702
758 2683
758 672
758 2682
758 880
758 2681
758 61
758 2680
758 613
758 2171
758 552
758 600
758 486
758 2679
758 2678
758 1579
758 2677
758 2676
758 2675
759 2660
759 1328
759 1375
759 56
759 547
760 2564
760 1393
760 497
760 2684
760 637
760 2043
760 954
760 1538
760 1849
760 1687
760 1628
760 2637
761 1056
761 2660
761 545
761 1184
761 2320
761 1740
761 1458
761 770
762 1394
762 241
762 2114
762 240
762 1459
762 538
762 1184
762 637
762 770
762 2171
763 2688
763 2687
763 2348
763 1793
763 2686
763 2685
764 1458
764 1301
764 307
764 2689
765 477
765 414
765 1349
765 2690
765 2450
766 2695
766 2694
766 2693
766 2692
766 2691
766 1735
766 185
767 2696
767 553
767 2170
768 2564
768 843
768 504
768 544
768 1182
769 1310
769 1308
769 1307
769 591
769 2698
769 1269
769 2697
770 1307
770 799
770 599
770 1723
770 2154
771 801
771 2671
771 749
771 2699
772 2700
772 2301
772 505
772 306
773 2701
773 1286
773 1545
773 637
773 718
773 2440
773 203
774 2697
774 644
774 1736
774 1303
774 2702
775 2706
775 2705
775 2704
775 2703
776 1338
776 2708
776 2707
776 2691
777 2711
777 2323
777 2710
777 2038
777 2709
777 2702
778 1142
778 1964
778 1208
778 544
778 224
779 255
779 1286
779 927
779 602
779 503
779 690
780 1377
780 1302
780 506
780 616
780 2421
780 620
780 420
780 539
780 2387
780 595
780 307
780 1543
780 2714
780 2713
780 105
780 56
780 411
780 2712
780 267
780 593
780 276
780 2380
781 2649
781 2433
781 1718
781 2715
781 2445
782 2718
782 2717
782 2716
783 2719
783 806
783 573
783 2164
783 2379
783 568
784 2720
784 2512
784 2708
784 2707
784 456
785 2727
785 2726
785 2237
785 412
785 2114
785 2665
785 2628
785 595
785 2725
785 1406
785 2724
785 2680
785 2723
785 838
785 808
785 2722
785 2721
785 553
786 1369
786 56
786 1959
786 847
787 2301
787 2728
787 428
787 550
787 399
787 702
787 2171
787 342
787 659
788 2730
788 2051
788 398
788 249
788 2236
788 2439
788 953
788 685
788 2729
788 1877
788 2452
788 1384
789 1287
789 419
789 1774
789 1541
790 793
790 211
790 433
790 1151
790 64
791 792
791 739
792 2447
792 806
792 1338
792 573
792 2451
793 2734
793 2733
793 2732
793 2731
794 2115
794 2737
794 417
794 1476
794 2736
794 2735
795 1253
795 804
795 2741
795 2740
795 2434
795 1218
795 2556
795 1691
795 766
795 1269
795 1137
795 2154
795 2739
795 200
795 2738
796 742
796 2327
796 2495
796 200
796 2742
796 748
797 2447
797 1384
797 2743
797 699
797 2550
797 1304
797 2010
798 1944
798 589
799 2744
799 1306
799 1737
799 765
799 2323
800 1802
800 2747
800 2746
800 2745
801 2750
801 2749
801 2748
802 2752
802 184
802 1029
802 2751
803 2757
803 2756
803 2755
803 2754
803 2753
804 275
804 273
804 118
804 600
805 2761
805 2760
805 2759
805 2758
806 2764
806 2763
806 206
806 2762
807 2368
807 2768
807 2767
807 2766
807 1971
807 2765
807 1446
808 2771
808 2770
808 2769
809 799
809 952
810 2774
810 2773
810 2772
811 2779
811 2778
811 2777
811 2776
811 2775
812 2780
813 2782
813 1217
813 1113
813 2781
814 2127
814 2132
814 2784
814 2783
815 2081
815 2786
815 2785
816 2788
816 2787
817 2792
817 2791
817 2790
817 2789
818 878
818 2441
818 919
818 222
818 201
819 2793
819 76
819 811
819 2622
819 1252
819 574
819 2451
820 2796
820 2795
820 2794
821 2800
821 2799
821 2798
821 2797
821 339
822 2804
822 2803
822 2802
822 2801
823 2807
823 2806
823 2805
824 295
824 1177
824 2812
824 2811
824 2810
824 2809
824 2808
825 1035
825 1669
825 1980
825 1172
825 206
826 2241
826 2813
826 2700
826 1818
826 1606
827 2815
827 2814
827 1508
828 2818
828 2817
828 2241
828 2816
829 2820
829 2769
829 2819
830 2823
830 2822
830 2124
830 2821
831 613
831 807
831 1139
832 2827
832 2826
832 2825
832 2824
833 2829
833 2828
834 2832
834 2831
834 1765
834 2830
835 2834
835 2833
836 2838
836 2837
836 2081
836 2836
836 2835
837 2437
837 2839
837 473
838 2841
838 2840
839 2843
839 2842
840 2837
840 2845
840 2844
840 2533
840 2234
841 2234
841 2848
841 2847
841 2846
842 2851
842 2850
842 2849
843 2784
843 2784
843 2796
843 2796
843 2852
843 2852
844 2856
844 2855
844 2854
844 2853
845 2822
845 2861
845 2860
845 2859
845 1566
845 2858
845 1449
845 2857
846 2862
847 2866
847 2865
847 2864
847 2863
848 2871
848 2870
848 2869
848 2868
848 2867
849 2875
849 2874
849 1008
849 2873
849 2872
850 2608
850 2010
850 2495
851 2879
851 2878
851 2877
851 2876
852 2881
852 2880
852 2290
853 2883
853 2882
853 1828
853 1831
854 66
854 136
854 2238
854 545
854 121
854 421
854 1325
854 1459
854 673
854 770
854 750
854 502
854 1372
854 2712
854 2884
855 2886
855 2885
855 1434
856 2889
856 2888
856 2887
857 2893
857 2892
857 2891
857 2890
858 2895
858 2895
858 2894
858 2894
859 2590
859 2590
860 2897
860 2896
861 2901
861 2900
861 2899
861 2898
862 2133
862 2157
862 2902
862 1703
863 2907
863 2906
863 2905
863 2904
863 2903
864 2908
865 2910
865 696
865 930
865 2909
866 2912
866 1372
866 2911
867 2914
867 2913
868 561
869 2918
869 2917
869 2916
869 2915
869 1846
870 2919
871 2920
872 1217
872 2923
872 2922
872 2921
873 2927
873 2926
873 1747
873 2925
873 2924
874 2929
874 2928
875 1587
875 2931
875 2930
875 559
876 2234
876 2933
876 500
876 2932
877 2935
877 2934
878 1335
878 2938
878 2937
878 2936
879 2942
879 2941
879 2940
879 2939
880 2945
880 1136
880 2944
880 2943
881 2948
881 2947
881 2946
881 2143
882 2508
882 2319
882 2489
882 2709
883 2409
883 2952
883 2951
883 1767
883 2950
883 2949
884 206
884 970
884 2954
884 2953
884 2765
885 2957
885 2956
885 2955
886 569
887 2960
887 2455
887 2959
887 2958
888 681
888 2963
888 532
888 2962
888 2961
889 999
889 999
890 2965
890 2964
890 2304
890 2723
891 2966
892 2967
893 1052
893 2971
893 2970
893 1217
893 2969
893 2968
894 333
894 2102
894 75
894 1739
894 579
895 2975
895 898
895 2222
895 2974
895 2973
895 2972
896 2979
896 2978
896 2977
896 2976
897 1317
897 2980
898 1361
898 831
898 644
898 578
898 2433
899 2982
899 459
899 2446
899 1735
899 54
899 2038
899 2981
900 593
900 2740
900 2693
900 2550
901 2094
901 2985
901 1926
901 2984
901 2983
902 2986
902 2220
902 1048
902 1195
902 1483
902 1446
903 2987
903 2987
903 2987
904 1123
904 2993
904 2992
904 1013
904 2991
904 2990
904 2989
904 2988
905 2995
905 2994
906 2998
906 2997
906 991
906 2996
907 1904
907 2975
907 3000
907 2221
907 2999
908 2471
908 1195
908 1904
908 3003
908 3002
908 3001
909 3006
909 3005
909 3004
910 3008
910 3008
910 3007
910 3007
911 1017
911 3010
911 3009
912 2188
912 1176
912 3012
912 3011
912 2365
913 3017
913 3016
913 3015
913 3014
913 3013
914 3020
914 3019
914 3018
915 3023
915 3022
915 3021
916 3024
916 3024
916 2903
916 2903
916 928
916 928
917 3027
917 3026
917 1125
917 3025
918 2704
918 3030
918 3029
918 3028
919 3031
919 3031
920 3034
920 3033
920 3032
921 3037
921 3036
921 3035
922 3037
922 3036
922 3040
922 3039
922 3038
923 3045
923 3044
923 3040
923 3043
923 3042
923 3041
924 3049
924 3048
924 3047
924 3046
924 384
925 2287
925 3050
926 2963
926 3051
927 617
927 2543
927 1325
927 1368
928 1079
928 2706
928 3052
928 2436
929 53
929 52
929 1007
929 3054
929 2470
929 3053
930 3057
930 3056
930 3055
931 3059
931 314
931 3058
932 3060
933 3067
933 3066
933 3065
933 3064
933 3063
933 3062
933 3061
933 1106
934 3069
934 3068
934 1416
935 3071
935 1120
935 3070
936 3073
936 164
936 3072
937 3075
937 3074
938 2286
938 3077
938 3010
938 3076
939 2830
939 2686
939 3079
939 3078
940 3080
940 444
940 1691
940 2575
941 2733
941 2810
941 1577
941 3081
942 3082
942 532
942 1195
942 531
942 2129
943 3083
944 1770
944 814
944 3084
945 3085
946 794
946 3088
946 3087
946 3086
947 3095
947 1639
947 2809
947 3094
947 3093
947 3092
947 3091
947 3090
947 3089
948 2031
948 3099
948 3098
948 3097
948 3096
949 3100
949 3100
949 1195
949 1195
949 910
949 910
949 2220
949 2220
950 3099
950 3104
950 3103
950 3102
950 3101
951 3109
951 3108
951 3107
951 3106
951 3105
952 3111
952 3111
952 3110
952 3110
953 1108
953 3115
953 3114
953 3113
953 3112
954 3118
954 3117
954 3116
954 2037
955 1669
955 2105
955 3120
955 3119
956 3121
956 603
956 400
956 371
956 138
956 397
956 759
956 1301
956 2485
957 1911
957 3124
957 3123
957 1805
957 3122
957 588
957 1903
958 3130
958 3129
958 3128
958 3127
958 3126
958 3125
959 436
959 3131
959 66
959 714
959 790
959 668
959 174
960 587
960 827
960 157
960 194
961 3133
961 3133
961 3133
961 3132
961 3132
961 3132
962 3137
962 3136
962 3135
962 166
962 3134
963 3140
963 3139
963 3138
963 417
963 186
963 785
963 1338
963 753
964 3144
964 1672
964 3143
964 206
964 2199
964 1360
964 2532
964 3142
964 3141
965 2598
965 384
965 126
965 705
965 37
965 695
965 511
965 721
965 630
965 514
965 704
965 310
965 389
965 382
965 309
965 761
965 3147
965 3146
965 385
965 33
965 413
965 875
965 139
965 379
965 67
965 596
965 1394
965 400
965 652
965 373
965 370
965 1154
965 397
965 1393
965 505
965 544
965 2440
965 2312
965 305
965 500
965 1458
965 770
965 635
965 1349
965 498
965 880
965 1301
965 306
965 109
965 307
965 111
965 492
965 2300
965 2646
965 57
965 693
965 485
965 667
965 3145
966 259
966 164
966 413
966 137
966 882
966 3148
967 3155
967 3154
967 3153
967 3152
967 3151
967 2028
967 844
967 3150
967 3149
968 386
968 413
968 550
968 150
968 484
969 1492
969 1195
969 3158
969 3157
969 3156
970 845
970 3160
970 3159
970 136
970 1328
970 253
970 151
970 1346
971 3165
971 3164
971 3163
971 3162
971 3161
972 1317
972 1255
972 405
972 45
972 127
972 386
972 129
972 382
972 736
972 1394
972 619
972 379
972 1151
972 1964
972 674
972 62
972 601
972 110
972 457
972 837
972 1958
972 1389
972 743
972 2579
973 1805
973 3166
973 129
973 529
973 528
974 1160
974 437
974 212
974 66
975 859
975 3170
975 256
975 338
975 432
975 254
975 1785
975 274
975 1426
975 373
975 2616
975 198
975 1295
975 880
975 550
975 552
975 232
975 3169
975 4
975 3168
975 3167
975 815
975 264
975 2232
976 515
976 1529
976 359
976 1791
976 152
976 338
976 337
976 23
976 1140
976 2503
976 2303
976 786
977 3177
977 3176
977 3175
977 3174
977 3173
977 3172
977 3171
977 106
978 12
978 71
978 517
978 314
978 438
978 1159
979 3183
979 3182
979 3181
979 3180
979 3179
979 3178
980 413
980 212
980 689
980 2042
980 56
981 2155
981 576
981 2323
981 2649
981 3184
982 442
982 2623
982 744
982 639
982 1389
983 1378
983 397
983 843
983 337
983 1208
983 65
983 412
983 771
983 841
983 1594
983 119
983 1964
983 2042
983 759
983 881
983 1373
983 228
983 1801
983 1459
983 637
983 2026
983 1150
983 292
983 770
983 880
983 1149
983 3189
983 350
983 107
983 344
983 5
983 1370
983 57
983 303
983 345
983 3188
983 3187
983 3186
983 958
983 3185
983 685
983 995
983 174
983 83
983 734
983 221
983 170
983 1724
983 534
983 278
983 645
983 2588
983 655
983 1384
984 647
984 127
984 442
984 3190
984 603
985 448
985 3195
985 3194
985 3193
985 3192
985 3191
985 1629
986 1591
986 315
986 721
986 378
986 3045
986 257
986 736
986 328
986 329
986 376
986 400
986 1152
986 211
986 1208
986 595
986 256
986 2407
986 433
986 2690
986 1543
986 1365
986 2347
986 83
986 2441
986 87
986 995
986 1310
986 2151
987 1591
987 921
987 125
987 721
987 123
987 34
987 736
987 140
987 160
987 139
987 1142
987 544
987 538
987 1184
987 2648
987 2544
988 3196
988 405
988 42
988 45
988 703
988 504
988 1374
988 1849
989 130
989 72
989 707
989 526
989 436
989 955
989 881
989 25
989 1396
989 1266
989 801
989 3197
989 1138
989 1852
989 333
989 76
989 77
989 2591
990 2629
990 841
990 2665
990 3198
991 126
991 29
991 3200
991 842
991 1785
991 1394
991 121
991 1184
991 367
991 2173
991 498
991 756
991 1579
991 2169
991 3199
992 532
992 2973
992 31
992 365
992 501
992 692
993 604
993 519
993 441
993 757
993 325
993 174
994 2360
994 3204
994 3203
994 3202
994 3201
995 3205
995 433
995 2468
995 1327
995 61
995 342
995 809
996 162
996 385
996 875
996 68
996 1313
996 257
996 399
996 67
996 771
996 2558
996 268
996 2102
996 833
996 2231
996 537
996 879
997 604
997 1591
997 736
997 1288
997 689
997 2236
997 595
997 3206
997 1773
998 679
998 3209
998 3208
998 3207
998 15
998 57
999 2533
999 3211
999 1746
999 3210
1000 3215
1000 3214
1000 3213
1000 3212
1001 859
1001 340
1001 164
1001 511
1001 376
1001 153
1001 152
1001 372
1001 357
1001 253
1001 249
1001 2438
1001 348
1001 493
1001 857
1001 481
1002 161
1002 353
1002 650
1003 603
1003 717
1003 260
1003 730
1003 164
1003 414
1003 391
1003 390
1003 126
1003 726
1003 158
1003 31
1003 1154
1003 1154
1003 1154
1003 1019
1003 1019
1003 1019
1003 3217
1003 3217
1003 3217
1003 3216
1003 3216
1003 3216
1003 291
1003 291
1003 291
1003 926
1003 926
1003 926
1003 693
1003 693
1003 693
1003 55
1003 55
1003 55
1003 21
1003 21
1003 21
1003 223
1003 223
1003 223
1004 3219
1004 2621
1004 719
1004 790
1004 457
1004 769
1004 831
1004 3218
1005 550
1005 689
1005 134
1005 1425
1005 2589
1005 58
1005 1344
1005 2300
1005 56
1005 817
1005 286
1005 2702
1006 2250
1006 3221
1006 2822
1006 3220
1006 275
1006 1056
1006 767
1006 225
1007 261
1007 3222
1007 1389
1007 1339
1008 442
1008 317
1008 526
1008 738
1009 3223
1009 2205
1009 1591
1009 107
1009 1341
1010 242
1010 244
1010 360
1010 177
1010 90
1011 2356
1011 961
1011 10
1011 1121
1011 604
1012 643
1012 828
1012 46
1012 69
1012 129
1012 136
1012 217
1012 872
1012 1298
1012 2547
1012 684
1013 960
1013 513
1013 165
1013 3227
1013 726
1013 422
1013 309
1013 159
1013 623
1013 158
1013 629
1013 308
1013 537
1013 508
1013 257
1013 31
1013 875
1013 475
1013 596
1013 376
1013 507
1013 65
1013 1327
1013 784
1013 354
1013 60
1013 217
1013 304
1013 3226
1013 1345
1013 807
1013 835
1013 484
1013 584
1013 816
1013 2502
1013 80
1013 3225
1013 3224
1013 963
1013 581
1013 809
1014 960
1014 475
1014 2043
1014 154
1014 242
1014 345
1014 710
1015 960
1015 342
1015 483
1015 1274
1015 2572
1015 1769
1015 479
1015 800
1015 805
1016 3230
1016 604
1016 928
1016 845
1016 513
1016 408
1016 730
1016 68
1016 32
1016 140
1016 139
1016 441
1016 2282
1016 367
1016 2563
1016 879
1016 3229
1016 3228
1016 2347
1016 648
1016 1340
1016 2569
1016 1477
1016 1384
1017 509
1017 375
1017 156
1017 138
1017 105
1018 127
1018 11
1018 400
1018 146
1018 2336
1018 2453
1019 3231
1019 1336
1019 1160
1019 258
1019 140
1019 740
1019 65
1019 878
1020 11
1020 624
1020 545
1020 62
1020 1849
1021 11
1021 458
1021 740
1021 714
1021 662
1021 3197
1021 639
1021 76
1022 402
1022 139
1022 1327
1022 954
1022 111
1022 857
1022 57
1022 669
1022 3232
1022 2576
1022 2430
1022 278
1022 655
1023 960
1023 762
1023 259
1023 997
1023 3234
1023 275
1023 384
1023 392
1023 3233
1023 844
1024 762
1024 875
1024 428
1024 30
1024 199
1024 1397
1024 792
1024 595
1024 2637
1024 2636
1025 3235
1025 647
1025 764
1025 595
1026 717
1026 710
1026 488
1026 2646
1026 1163
1026 1312
1026 419
1026 1618
1026 1364
1026 768
1026 584
1026 2117
1026 2567
1026 3236
1026 2303
1026 1995
1026 2590
1026 1268
1027 1238
1027 130
1027 3237
1027 736
1027 2636
1027 2605
1028 764
1028 523
1028 528
1028 41
1028 129
1028 408
1028 125
1029 215
1029 405
1029 46
1029 763
1029 511
1029 136
1029 3216
1030 3239
1030 275
1030 384
1030 3238
1030 624
1030 413
1030 441
1030 329
1030 432
1030 2421
1030 27
1030 1325
1030 62
1030 635
1030 1853
1030 2714
1030 1266
1030 2419
1030 2558
1030 2712
1030 608
1030 267
1030 1770
1030 2623
1030 1592
1030 2351
1030 3225
1031 3244
1031 3243
1031 3242
1031 3241
1031 3240
1032 480
1032 3245
1032 579
1033 936
1033 3247
1033 3246
1033 3218
1033 1096
1034 3248
1034 2280
1034 1474
1034 2380
1034 1303
1035 586
1035 195
1035 821
1035 823
1035 755
1036 630
1036 629
1036 508
1036 27
1036 197
1036 1689
1036 1019
1036 497
1036 634
1036 3249
1036 105
1036 2666
1036 485
1036 188
1036 699
1036 568
1037 3253
1037 443
1037 1264
1037 3252
1037 3251
1037 383
1037 402
1037 3250
1037 875
1037 256
1037 1286
1037 1402
1037 1151
1037 1425
1037 25
1037 292
1037 595
1037 1149
1037 492
1037 493
1037 489
1038 796
1038 3255
1038 42
1038 73
1038 751
1038 706
1038 36
1038 705
1038 3254
1038 626
1038 493
1038 488
1039 229
1039 3256
1040 3262
1040 3261
1040 3260
1040 3259
1040 3258
1040 3257
1041 2221
1041 1493
1041 324
1041 3265
1041 3264
1041 3263
1041 2205
1042 3267
1042 2735
1042 724
1042 3266
1042 2035
1043 3271
1043 3270
1043 3269
1043 1923
1043 3268
1044 1012
1044 2975
1044 3274
1044 3273
1044 3272
1045 3278
1045 3277
1045 3276
1045 3275
1046 3279
1046 2014
1047 3281
1047 3280
1048 3284
1048 3283
1048 3282
1049 1949
1049 3285
1049 565
1049 1331
1050 3287
1050 324
1050 3286
1051 3288
1052 2788
1052 1532
1052 3290
1052 3289
1052 240
1053 3292
1053 3291
1053 3044
1054 3295
1054 3294
1054 3293
1055 3296
1055 2164
1055 2692
1055 683
1056 3301
1056 3300
1056 3299
1056 3298
1056 3297
1057 3303
1057 3302
1058 3307
1058 3306
1058 3305
1058 3304
1058 3298
1059 3310
1059 3309
1059 3308
1059 398
1059 374
1059 255
1060 3312
1060 3311
1061 2362
1061 3012
1061 3314
1061 1669
1061 3313
1062 3232
1062 2571
1062 283
1062 1776
1062 1139
1062 280
1062 1399
1062 3138
1063 3316
1063 3315
1064 1817
1064 500
1064 880
1064 98
1065 765
1065 1719
1065 2323
1065 3319
1065 2496
1065 3318
1065 3317
1066 1324
1066 1396
1066 3320
1066 178
1067 1474
1067 644
1067 2608
1067 2507
1067 2448
1067 575
1068 2123
1068 3323
1068 3322
1068 3321
1069 3327
1069 3326
1069 3325
1069 3324
1070 3330
1070 3329
1070 3328
1071 3332
1071 3035
1071 3331
1072 3333
1073 3338
1073 3337
1073 3336
1073 3335
1073 3334
1074 2713
1074 3169
1074 3339
1074 2677
1074 3140
1075 3344
1075 3343
1075 1919
1075 3342
1075 3341
1075 3340
1076 2408
1076 3346
1076 2986
1076 1483
1076 3345
1077 3349
1077 3348
1077 3347
1078 3353
1078 3352
1078 3351
1078 3350
1079 3356
1079 3355
1079 3354
1080 539
1080 148
1080 768
1080 2573
1081 654
1081 952
1081 2327
1081 2494
1081 3357
1082 3361
1082 3360
1082 3359
1082 1533
1082 3358
1083 275
1083 3362
1083 475
1083 367
1083 147
1083 2406
1083 487
1083 2563
1083 278
1083 1254
1083 201
1083 963
1083 811
1083 1269
1084 3365
1084 3364
1084 3363
1085 3366
1086 557
1086 557
1086 1334
1086 1334
1087 3346
1087 2986
1087 1483
1087 3369
1087 3368
1087 3367
1088 3370
1088 2286
1089 1639
1089 3371
1089 1698
1090 1576
1090 2242
1090 3373
1090 3372
1091 1229
1091 1731
1091 3376
1091 3375
1091 3374
1092 3378
1092 3377
1092 206
1092 2762
1093 3353
1093 3382
1093 3381
1093 3351
1093 3380
1093 3379
1093 3350
1094 1438
1094 3387
1094 3386
1094 3385
1094 3384
1094 3383
1095 3389
1095 3388
1095 1785
1095 1394
1095 2237
1095 1286
1095 703
1095 1155
1095 1156
1095 506
1095 1647
1096 3391
1096 3390
1097 3392
1098 3394
1098 320
1098 3393
1099 3396
1099 3395
1100 3399
1100 3398
1100 3397
1101 3400
1101 381
1101 3159
1101 2236
1102 2614
1102 138
1102 1020
1102 433
1102 720
1102 1376
1102 1375
1102 1545
1102 1801
1102 954
1102 24
1102 1183
1102 1272
1102 959
1102 2394
1102 583
1102 814
1102 79
1103 373
1103 1266
1103 1996
1103 1790
1103 749
1103 744
1104 540
1104 841
1104 689
1104 326
1104 1106
1105 10
1105 764
1105 371
1105 376
1105 1397
1105 544
1105 738
1105 2450
1106 105
1106 105
1106 2299
1106 2299
1106 953
1106 953
1106 2536
1106 2536
1106 280
1106 280
1106 700
1106 700
1106 2608
1106 2608
1107 1161
1107 213
1107 1545
1107 367
1107 27
1107 1346
1107 3401
1108 1121
1108 11
1108 763
1108 70
1108 217
1108 399
1108 3402
1108 2430
1109 3404
1109 1264
1109 261
1109 1159
1109 311
1109 40
1109 3403
1110 3409
1110 3408
1110 3407
1110 3406
1110 3405
1110 3216
1111 505
1111 2567
1111 1520
1111 734
1111 283
1111 1457
1111 81
1111 1592
1111 282
1111 659
1111 277
1111 700
1111 280
1111 1307
1111 593
1111 787
1111 1269
1111 847
1111 3410
1111 2711
1112 3412
1112 1492
1112 464
1112 1136
1112 776
1112 3411
1113 255
1113 539
1113 2515
1113 1220
1113 498
1113 1149
1113 2541
1113 1301
1113 304
1113 492
1113 813
1114 3414
1114 3414
1114 729
1114 729
1114 259
1114 259
1114 997
1114 997
1114 437
1114 437
1114 511
1114 511
1114 721
1114 721
1114 382
1114 382
1114 627
1114 627
1114 257
1114 257
1114 199
1114 199
1114 377
1114 377
1114 328
1114 328
1114 1539
1114 1539
1114 3413
1114 3413
1115 2535
1115 3417
1115 1034
1115 3416
1115 3015
1115 1381
1115 3415
1116 3421
1116 3420
1116 3419
1116 3418
1117 3422
1117 1394
1117 703
1117 1876
1117 1156
1117 685
1117 817
1117 189
1117 425
1117 2737
1117 2010
1118 736
1118 29
1118 378
1118 311
1118 330
1118 28
1118 1545
1118 475
1118 337
1118 145
1118 1374
1118 370
1118 369
1118 198
1118 1152
1118 1405
1118 346
1118 2478
1118 84
1118 20
1118 282
1118 2453
1118 854
1118 626
1118 336
1118 1150
1118 358
1119 40
1119 1285
1119 1302
1120 928
1120 328
1120 760
1120 2114
1120 115
1120 231
1120 1769
1120 170
1120 1339
1120 1719
1121 682
1121 556
1121 3423
1122 3433
1122 3432
1122 3431
1122 3430
1122 3429
1122 3428
1122 3427
1122 3426
1122 3425
1122 3424
1122 2104
1123 3447
1123 3446
1123 3445
1123 3444
1123 3443
1123 3442
1123 3441
1123 3440
1123 3439
1123 1107
1123 3438
1123 194
1123 3437
1123 1661
1123 1105
1123 3436
1123 3435
1123 3434
1124 274
1124 545
1124 140
1124 655
1125 3448
1125 1156
1125 433
1125 211
1125 842
1125 2639
1125 2440
1125 3198
1125 628
1125 676
1125 2320
1125 1374
1126 959
1126 495
1126 294
1126 1272
1126 102
1126 1347
1126 1345
1126 2171
1126 3452
1126 1344
1126 1261
1126 807
1126 1961
1126 2636
1126 2630
1126 665
1126 1957
1126 222
1126 172
1126 3451
1126 3450
1126 2003
1126 189
1126 1311
1126 2562
1126 659
1126 333
1126 3138
1126 2349
1126 75
1126 1719
1126 785
1126 809
1126 1718
1126 1943
1126 3449
1127 1853
1127 3169
1127 88
1127 1994
1128 3453
1128 2556
1128 575
1128 2448
1129 2057
1129 3455
1129 3454
1130 3461
1130 3460
1130 3459
1130 3458
1130 3457
1130 3456
1131 1073
1131 3464
1131 3463
1131 3462
1132 1561
1132 2134
1132 3466
1132 1846
1132 3465
1133 3467
1133 2087
1134 2581
1134 911
1134 3470
1134 1195
1134 1094
1134 3469
1134 3468
1135 1338
1135 877
1135 2591
1135 2445
1135 3266
1135 1850
1136 3472
1136 2695
1136 2694
1136 3471
1137 3475
1137 3474
1137 3473
1138 2749
1138 3478
1138 3477
1138 3476
1139 3481
1139 3480
1139 3479
1140 1394
1140 1964
1140 825
1140 2641
1140 691
1141 3485
1141 3484
1141 3483
1141 3482
1142 3488
1142 1658
1142 3487
1142 3486
1142 2304
1143 3489
1144 3492
1144 3491
1144 3490
1145 3017
1145 3494
1145 3493
1146 2121
1146 2124
1146 3495
1146 2700
1147 3498
1147 3497
1147 3496
1147 283
1148 1021
1149 3500
1149 3500
1149 3499
1149 3499
1150 3501
1151 3503
1151 3502
1151 1501
1152 1136
1152 1484
1152 3505
1152 3504
1152 1667
1152 324
1153 3507
1153 3506
1154 3509
1154 3508
1155 136
1155 3511
1155 550
1155 3510
1155 688
1156 375
1156 371
1156 1964
1156 2515
1156 1276
1156 2563
1156 58
1156 648
1157 2261
1158 3514
1158 2901
1158 2765
1158 3513
1158 531
1158 3512
1159 1020
1159 2664
1159 136
1159 433
1160 2094
1160 3516
1160 3515
1161 152
1161 153
1161 3517
1161 240
1161 356
1161 22
1161 3189
1162 1669
1162 1980
1162 1093
1162 3011
1162 3360
1162 3519
1162 3518
1162 1070
1163 561
1164 1446
1164 3521
1164 2426
1164 3520
1165 3522
1165 1878
1165 2557
1165 2102
1165 593
1165 2155
1165 2202
1165 266
1165 787
1166 3527
1166 3526
1166 3525
1166 3524
1166 3523
1167 3530
1167 3529
1167 2231
1167 3528
1167 699
1168 3532
1168 3532
1168 3532
1168 3531
1168 3531
1168 3531
1169 793
1169 1876
1169 1056
1169 1262
1169 2543
1169 842
1169 412
1169 2237
1169 620
1169 2665
1169 2631
1169 336
1169 759
1169 690
1169 542
1169 1220
1169 564
1169 3533
1169 2682
1170 2264
1170 2264
1170 2298
1170 2298
1171 1592
1171 3225
1171 278
1171 2737
1171 3534
1172 2121
1172 3537
1172 2917
1172 3536
1172 2242
1172 3535
1173 3539
1173 3538
1173 2074
1173 1802
1174 79
1174 2579
1174 2155
1174 1253
1174 2627
1175 3541
1175 3540
1175 804
1175 812
1175 2743
1175 3528
1176 1649
1176 3543
1176 3542
1177 3546
1177 3545
1177 3544
1178 2629
1179 3550
1179 2997
1179 2810
1179 3549
1179 3548
1179 3547
1180 3554
1180 3114
1180 3553
1180 3552
1180 3551
1180 3472
1181 1545
1181 2621
1181 2622
1181 2393
1181 654
1181 574
1181 2151
1181 1472
1182 991
1182 3555
1182 3188
1183 2189
1183 2189
1183 1335
1183 1335
1184 3557
1184 3557
1184 3556
1184 3556
1185 1030
1185 3560
1185 3559
1185 3558
1186 3563
1186 3562
1186 3561
1187 3568
1187 3567
1187 3566
1187 3565
1187 3564
1188 3571
1188 3099
1188 3241
1188 3570
1188 3569
1189 2779
1189 3572
1189 2770
1190 2133
1190 3575
1190 3574
1190 3573
1191 3577
1191 1307
1191 2610
1191 2627
1191 1269
1191 3576
1192 402
1192 615
1192 3189
1192 823
1192 822
1192 2659
1192 92
1193 2113
1193 3579
1193 3578
1193 1192
1194 3580
1194 3580
1194 3580
1195 3581
1195 3581
1196 3582
1197 3586
1197 3585
1197 2778
1197 3584
1197 3583
1198 3590
1198 3589
1198 1904
1198 3588
1198 3587
1199 3594
1199 3593
1199 3592
1199 3591
1200 3596
1200 3596
1200 3596
1200 3595
1200 3595
1200 3595
1201 3598
1201 3597
1202 3601
1202 3600
1202 3599
1202 2807
1203 1942
1203 3602
1203 582
1203 3528
1203 733
1204 3604
1204 3603
1205 3605
1205 1258
1205 2393
1205 3401
1206 847
1206 2575
1206 577
1206 3608
1206 2448
1206 1720
1206 3607
1206 3606
1207 3611
1207 2550
1207 1304
1207 2448
1207 575
1207 1472
1207 3610
1207 2494
1207 568
1207 3609
1208 1880
1208 353
1208 346
1208 232
1208 837
1208 484
1209 3613
1209 3612
1209 2624
1209 3608
1209 2404
1210 3615
1210 3614
1210 1691
1210 2154
1211 3618
1211 3618
1211 3617
1211 3617
1211 3616
1211 3616
1212 1121
1212 442
1212 717
1212 731
1212 727
1213 2131
1213 3624
1213 3623
1213 3622
1213 3621
1213 3620
1213 3619
1214 827
1214 929
1214 145
1214 356
1214 243
1214 90
1214 357
1215 3627
1215 3626
1215 2057
1215 3625
1215 717
1216 3631
1216 3630
1216 3629
1216 324
1216 3628
1217 534
1217 1724
1217 645
1217 2155
1217 276
1217 1993
1218 3637
1218 3636
1218 3635
1218 3634
1218 3633
1218 3632
1219 1184
1219 2515
1219 2407
1219 457
1219 880
1219 104
1219 343
1219 300
1219 835
1219 995
1219 2572
1219 648
1219 2622
1220 798
1220 2740
1220 3638
1220 1306
1220 847
1220 2697
1220 1096
1220 578
1221 3648
1221 1095
1221 3647
1221 3646
1221 3645
1221 1669
1221 3644
1221 3643
1221 3642
1221 2765
1221 1408
1221 3641
1221 206
1221 3640
1221 991
1221 3639
1222 398
1222 1286
1222 1156
1222 637
1222 1458
1222 116
1222 564
1222 3649
1222 1149
1223 2727
1223 2727
1223 1785
1223 1785
1223 3198
1223 3198
1223 397
1223 397
1223 373
1223 373
1223 367
1223 367
1223 1460
1223 1460
1223 2665
1223 2665
1223 792
1223 792
1223 2422
1223 2422
1223 2173
1223 2173
1223 27
1223 27
1223 273
1223 273
1223 2238
1223 2238
1223 1807
1223 1807
1223 366
1223 366
1223 2684
1223 2684
1223 567
1223 567
1223 2628
1223 2628
1223 1966
1223 1966
1223 1880
1223 1880
1223 2172
1223 2172
1223 690
1223 690
1223 60
1223 60
1223 634
1223 634
1223 2680
1223 2680
1223 110
1223 110
1223 1645
1223 1645
1223 612
1223 612
1223 2305
1223 2305
1223 3650
1223 3650
1223 103
1223 103
1223 1106
1223 1106
1224 255
1224 398
1224 3651
1224 1458
1224 498
1224 2638
1224 60
1224 500
1224 1645
1224 835
1225 129
1225 528
1225 758
1225 3652
1226 1152
1226 64
1226 1620
1226 190
1226 90
1226 286
1226 170
1227 3655
1227 3654
1227 3653
1228 3656
1228 580
1228 276
1228 591
1228 847
1228 2404
1228 3608
1228 2038
1228 185
1229 3657
1229 337
1229 1378
1229 759
1230 27
1230 1375
1230 3664
1230 2042
1230 2399
1230 595
1230 2011
1230 354
1230 302
1230 634
1230 880
1230 3663
1230 307
1230 553
1230 343
1230 1806
1230 926
1230 3662
1230 342
1230 4
1230 1392
1230 101
1230 1344
1230 486
1230 3661
1230 1996
1230 552
1230 3660
1230 346
1230 3659
1230 610
1230 411
1230 3658
1230 484
1230 2170
1230 958
1230 664
1230 817
1230 1274
1230 995
1230 608
1230 925
1230 606
1230 188
1230 2453
1230 800
1230 480
1230 2159
1230 1773
1230 1953
1230 280
1230 2562
1230 2351
1230 282
1230 418
1230 963
1230 2417
1230 3615
1230 3656
1230 3612
1230 1691
1230 1723
1230 590
1230 1789
1230 2606
1230 445
1230 2981
1230 1297
1231 3668
1231 3667
1231 2700
1231 3666
1231 3665
1232 394
1232 513
1232 730
1233 303
1233 1956
1233 2630
1233 701
1233 276
1233 3670
1233 2546
1233 3669
1234 2557
1234 2699
1234 1881
1234 2610
1234 765
1235 3671
1235 405
1235 764
1235 526
1235 261
1236 1853
1236 376
1236 60
1236 111
1236 2346
1236 3672
1237 3677
1237 1636
1237 3676
1237 3675
1237 3674
1237 3673
1237 2579
1238 3680
1238 3679
1238 3678
1239 3682
1239 3682
1239 3154
1239 3154
1239 3681
1239 3681
1240 1669
1240 2953
1240 3644
1240 3684
1240 3683
1241 3689
1241 3688
1241 3687
1241 3686
1241 3685
1242 1406
1242 553
1242 2696
1243 3693
1243 3692
1243 3691
1243 3690
1243 2076
1244 3697
1244 3696
1244 3538
1244 3695
1244 3694
1245 3699
1245 3698
1246 3702
1246 3701
1246 3700
1247 3703
1247 1953
1247 1592
1247 1463
1247 848
1247 2556
1248 3707
1248 3706
1248 3705
1248 3704
1249 3709
1249 3708
1250 3710
1251 3711
1251 3711
1251 3711
1251 1894
1251 1894
1251 1894
1252 3712
1252 3712
1252 2822
1252 2822
1252 3558
1252 3558
1253 3715
1253 1553
1253 3714
1253 898
1253 3713
1253 3590
1253 2975
1254 690
1254 1964
1254 1150
1254 838
1254 712
1254 144
1254 230
1254 294
1254 1464
1254 1963
1254 355
1254 553
1254 958
1254 1962
1254 1055
1254 1961
1254 1347
1254 661
1254 607
1254 536
1254 286
1254 1140
1254 229
1254 1960
1254 1959
1254 1958
1254 1957
1254 1956
1254 815
1254 1955
1254 1946
1254 1954
1254 1953
1254 78
1254 1952
1255 3718
1255 3717
1255 3716
1256 307
1256 343
1256 1138
1257 441
1257 1020
1257 1876
1257 793
1257 1262
1257 1545
1257 1397
1258 3719
1258 2695
1258 2737
1258 2104
1259 1003
1259 2865
1259 324
1259 3720
1259 1870
1259 1011
1259 907
1260 1012
1260 1011
1260 2975
1260 3721
1261 1260
1261 726
1261 537
1261 173
1262 398
1262 30
1262 66
1262 1545
1262 255
1262 1152
1262 2440
1262 676
1262 619
1262 2203
1262 3413
1262 500
1262 841
1262 750
1262 1149
1262 2631
1262 758
1262 498
1262 306
1262 240
1262 241
1262 325
1262 718
1262 1348
1262 3226
1262 2300
1262 233
1262 958
1262 3722
1262 1083
1262 82
1262 1520
1262 734
1262 1340
1262 700
1262 2450
1262 599
1263 3724
1263 11
1263 935
1263 763
1263 703
1263 544
1263 841
1263 545
1263 3723
1263 373
1263 759
1263 1559
1263 150
1264 3728
1264 2855
1264 3727
1264 2158
1264 413
1264 367
1264 739
1264 362
1264 135
1264 228
1264 2515
1264 858
1264 2545
1264 244
1264 457
1264 2431
1264 57
1264 3726
1264 3725
1265 3731
1265 126
1265 37
1265 388
1265 390
1265 725
1265 624
1265 3238
1265 623
1265 3147
1265 1167
1265 1166
1265 3730
1265 844
1265 383
1265 3045
1265 1289
1265 3729
1265 2301
1265 507
1265 1785
1265 426
1265 427
1265 1020
1265 136
1265 1328
1265 2238
1265 505
1265 1376
1265 637
1265 636
1265 1459
1265 121
1265 1325
1265 497
1265 1645
1265 2011
1265 2713
1266 897
1266 3733
1266 3732
1267 3736
1267 324
1267 3735
1267 3734
1268 3737
1269 729
1269 31
1269 736
1269 150
1269 357
1269 1392
1269 84
1270 3739
1270 3738
1271 3741
1271 206
1271 3740
1272 3743
1272 812
1272 830
1272 74
1272 3742
1272 3576
1272 2435
1272 753
1273 337
1273 211
1273 65
1273 713
1273 64
1273 326
1273 3216
1273 351
1273 294
1273 306
1273 349
1273 651
1273 1528
1273 693
1273 267
1274 3746
1274 198
1274 1460
1274 2628
1274 750
1274 2420
1274 595
1274 3745
1274 620
1274 613
1274 601
1274 2724
1274 22
1274 1055
1274 495
1274 344
1274 2171
1274 346
1274 56
1274 299
1274 608
1274 267
1274 270
1274 1995
1274 2678
1274 606
1274 3563
1274 2537
1274 3744
1274 2281
1274 2351
1274 3562
1274 1692
1274 783
1274 577
1274 2512
1274 2447
1274 2693
1274 3656
1274 2694
1275 667
1275 1342
1275 3658
1275 84
1275 953
1275 188
1275 3167
1275 2453
1275 580
1275 785
1275 753
1275 3747
1276 28
1276 1627
1276 103
1276 1272
1276 670
1277 3749
1277 1048
1277 3748
1277 3575
1278 899
1278 898
1278 3751
1278 3750
1278 298
1279 388
1279 726
1279 159
1279 537
1279 3189
1280 3752
1280 826
1280 506
1280 1647
1280 1559
1280 397
1280 1019
1280 500
1280 1184
1280 2320
1280 306
1280 2278
1280 224
1280 1478
1280 172
1280 2393
1280 2622
1280 2404
1281 3754
1281 2164
1281 2707
1281 1690
1281 2494
1281 3753
1282 3755
1282 3755
1282 3755
1282 3755
1282 3755
1283 3756
1284 3760
1284 3759
1284 3758
1284 3757
1285 1321
1285 521
1285 340
1285 257
1285 256
1285 3761
1286 1336
1286 1296
1286 859
1286 332
1286 389
1287 3764
1287 3763
1287 2127
1287 1469
1287 3762
1288 1175
1288 1190
1288 2718
1288 1176
1289 3766
1289 3766
1289 3766
1289 3766
1289 3765
1289 3765
1289 3765
1289 3765
1290 3767
1290 3767
1290 3767
1290 3767
1290 3767
1291 3770
1291 3770
1291 3769
1291 3769
1291 3768
1291 3768
1292 3773
1292 3773
1292 3772
1292 3772
1292 3771
1292 3771
1293 3776
1293 3445
1293 3775
1293 3774
1294 3777
1294 1121
1294 127
1294 136
1294 963
1295 317
1295 597
1295 68
1295 703
1295 1478
1296 3783
1296 3782
1296 3781
1296 3780
1296 2964
1296 3779
1296 2638
1296 2657
1296 3438
1296 3778
1297 3786
1297 3785
1297 3784
1298 3787
1298 812
1298 78
1298 805
1298 3615
1298 2403
1298 810
1299 386
1299 1302
1299 328
1299 255
1299 1397
1299 1647
1299 794
1299 1378
1299 1406
1299 357
1299 1545
1299 601
1299 553
1299 1464
1299 61
1299 55
1299 3661
1299 189
1299 2645
1299 3788
1299 85
1299 284
1299 2502
1299 3186
1300 2625
1300 3789
1300 3420
1300 769
1301 3792
1301 3791
1301 1476
1301 684
1301 853
1301 3790
1302 532
1302 1904
1302 3715
1302 2975
1302 1009
1302 1008
1302 3793
1302 3720
1302 1484
1302 1545
1302 1327
1302 1375
1302 118
1302 2545
1302 1344
1302 1541
1302 569
1303 3794
1303 1876
1303 421
1304 2238
1304 2114
1304 3790
1305 3795
1305 3795
1305 3795
1305 3795
1305 3795
1306 3714
1306 3270
1306 3590
1306 3796
1306 1768
1307 3797
1308 3798
1308 3798
1308 3798
1308 3798
1308 3798
1308 3798
1309 2815
1309 3801
1309 3800
1309 3799
1310 3805
1310 3804
1310 3803
1310 1698
1310 3802
1311 3806
1312 201
1312 3608
1312 2404
1313 428
1313 2173
1314 3807
1314 3807
1314 3807
1314 3807
1314 3807
1315 3811
1315 3810
1315 3809
1315 3808
1316 589
1316 2038
1316 2738
1316 572
1316 3812
1317 3814
1317 3814
1317 3814
1317 3813
1317 3813
1317 3813
1318 3817
1318 3816
1318 3815
1319 3818
1319 3818
1319 3818
1319 3818
1319 1901
1319 1901
1319 1901
1319 1901
1320 3820
1320 3819
1321 3242
1321 3242
1321 3242
1321 3242
1321 3242
1322 3822
1322 3821
1323 337
1323 337
1323 337
1323 2504
1323 2504
1323 2504
1324 3366
1324 3823
1325 1300
1325 1300
1325 1300
1326 3828
1326 3827
1326 3826
1326 3825
1326 3824
1327 211
1327 553
1327 3229
1327 3829
1327 2449
1328 1903
1328 3830
1328 962
1328 556
1329 520
1329 1374
1329 839
1329 688
1329 878
1330 817
1330 3602
1330 3218
1331 827
1331 440
1331 925
1331 3831
1331 995
1332 2450
1332 3832
1332 799
1332 1389
1332 75
1332 1739
1333 928
1333 38
1333 37
1333 338
1333 2438
1333 543
1333 25
1333 24
1333 838
1333 2300
1333 487
1333 1956
1333 21
1333 3228
1333 2572
1333 286
1333 743
1333 2588
1333 1258
1333 2485
1333 2591
1334 2532
1334 3833
1334 522
1334 513
1334 36
1334 414
1334 371
1334 375
1334 138
1334 400
1334 27
1334 150
1334 1964
1334 357
1334 356
1334 245
1334 421
1334 353
1334 671
1334 1590
1334 205
1334 3829
1335 548
1335 83
1335 648
1335 3834
1335 80
1335 1300
1335 1875
1335 1018
1335 1954
1335 1739
1336 1559
1336 337
1336 121
1336 739
1336 818
1336 290
1336 111
1336 2647
1336 878
1336 822
1336 2439
1336 84
1337 3838
1337 3837
1337 3836
1337 260
1337 3835
1338 2199
1338 3840
1338 2175
1338 1085
1338 3839
1338 1402
1338 1374
1338 1406
1338 354
1338 500
1338 498
1338 292
1338 55
1338 499
1338 3186
1338 2299
1338 2347
1338 133
1338 225
1338 867
1338 1643
1338 334
1338 2562
1338 700
1338 2884
1338 599
1338 1544
1338 3658
1338 2321
1339 3845
1339 3844
1339 793
1339 328
1339 628
1339 1426
1339 432
1339 1267
1339 638
1339 1393
1339 637
1339 27
1339 689
1339 147
1339 2661
1339 1539
1339 1150
1339 292
1339 246
1339 3517
1339 3843
1339 354
1339 500
1339 3842
1339 1371
1339 1458
1339 239
1339 1538
1339 564
1339 497
1339 108
1339 237
1339 2418
1339 1543
1339 1369
1339 932
1339 657
1339 1390
1339 2419
1339 346
1339 1643
1339 271
1339 407
1339 2004
1339 3841
1339 2567
1339 607
1339 2254
1339 661
1339 2645
1339 267
1339 2310
1339 536
1339 221
1339 286
1339 82
1339 2281
1339 277
1339 1399
1339 2351
1339 691
1339 3562
1339 659
1339 2566
1339 2579
1339 655
1339 580
1339 831
1339 2698
1339 2165
1339 1384
1339 1789
1340 374
1340 927
1340 1391
1340 714
1340 252
1340 196
1340 689
1340 105
1340 1272
1340 1346
1340 1344
1340 1275
1340 56
1340 190
1340 90
1340 663
1340 481
1340 1363
1340 2571
1340 3197
1340 3225
1340 639
1340 853
1341 1933
1341 405
1341 3846
1341 524
1341 212
1341 509
1341 2571
1342 673
1342 837
1342 425
1343 3847
1343 2697
1343 2498
1343 2547
1343 1472
1344 498
1344 880
1344 838
1344 86
1344 662
1345 1644
1345 693
1345 2345
1345 2537
1345 1341
1345 855
1345 783
1346 1791
1346 1208
1346 1327
1346 564
1346 2026
1346 959
1346 496
1346 1276
1346 3232
1346 536
1347 2434
1347 802
1347 2165
1347 2575
1347 2324
1347 3848
1347 806
1347 2164
1347 459
1347 2446
1347 200
1347 853
1348 3849
1348 2598
1348 2137
1348 662
1348 813
1349 2468
1349 247
1349 6
1349 1963
1349 836
1349 2300
1349 21
1349 667
1349 1579
1349 169
1349 133
1350 2677
1350 3852
1350 3851
1350 820
1350 3563
1350 2159
1350 1399
1350 2281
1350 2351
1350 3562
1350 1692
1350 2695
1350 2557
1350 3248
1350 2642
1350 2417
1350 2694
1350 2693
1350 1737
1350 264
1350 3850
1350 2606
1351 2042
1351 1880
1351 2682
1351 1276
1351 1620
1351 495
1351 1055
1351 2171
1351 3452
1351 237
1351 342
1351 3856
1351 600
1351 552
1351 666
1351 2721
1351 3662
1351 1261
1351 2399
1351 486
1351 789
1351 1367
1351 3660
1351 3855
1351 3854
1351 1774
1351 664
1351 3853
1351 608
1352 770
1352 3649
1352 1301
1352 277
1353 373
1353 1559
1353 1689
1353 1688
1353 371
1353 22
1353 144
1353 494
1353 191
1353 1590
1353 735
1353 95
1353 2335
1353 232
1353 485
1353 3661
1353 176
1353 168
1353 187
1353 1083
1353 480
1353 709
1353 1096
1353 2231
1353 733
1354 1696
1355 3417
1355 3858
1355 3857
1356 3860
1356 3859
1357 3863
1357 3862
1357 3861
1358 3864
1359 2733
1359 3866
1359 3865
1359 2517
1360 3868
1360 3867
1361 3872
1361 3871
1361 3870
1361 3869
1362 2462
1362 2462
1362 2462
1362 2462
1362 3873
1362 3873
1362 3873
1362 3873
1362 722
1362 722
1362 722
1362 722
1363 3876
1363 3875
1363 3874
1364 3875
1364 1325
1365 3878
1365 3877
1366 857
1366 3879
1366 1590
1366 745
1366 834
1367 846
1367 68
1367 624
1367 140
1367 368
1368 303
1368 485
1368 83
1368 170
1369 3880
1369 3880
1369 3880
1369 3880
1369 3880
1370 3883
1370 3882
1370 622
1370 3881
1371 3889
1371 3888
1371 3887
1371 3886
1371 3885
1371 3884
1372 1033
1372 1033
1372 1033
1372 3099
1372 3099
1372 3099
1373 3859
1373 3892
1373 3891
1373 3890
1374 3896
1374 3895
1374 3894
1374 3893
1375 3897
1375 3897
1375 3897
1375 3897
1375 3897
1375 3897
1376 3899
1376 3898
1377 3903
1377 3902
1377 3901
1377 3900
1378 3905
1378 3904
1379 3906
1379 3906
1380 907
1380 907
1380 1136
1380 1136
1380 3907
1380 3907
1381 3911
1381 3717
1381 3910
1381 680
1381 3909
1381 3908
1382 3912
1382 3912
1382 3912
1382 3912
1382 3912
1383 3915
1383 3914
1383 3913
1384 3919
1384 3918
1384 3917
1384 3916
1385 3922
1385 3487
1385 3921
1385 3920
1386 3927
1386 3926
1386 3925
1386 3924
1386 3923
1386 3560
1387 3929
1387 3817
1387 3928
1388 295
1388 3933
1388 3932
1388 3931
1388 3930
1389 3934
1389 3934
1389 3934
1389 3934
1389 3934
1390 3935
1390 897
1390 2220
1390 3220
1390 900
1391 3881
1391 3820
1391 3819
1391 3936
1392 3937
1392 961
1392 528
1392 921
1392 1260
1393 556
1393 73
1393 257
1393 27
1393 1396
1394 2237
1394 3659
1395 262
1395 3255
1395 11
1395 3233
1395 392
1396 1155
1396 1688
1396 1689
1396 1508
1396 500
1396 2406
1396 718
1396 292
1396 2647
1396 2666
1396 144
1396 3754
1397 373
1397 344
1397 174
1397 660
1397 1258
1398 1459
1398 637
1398 500
1398 3939
1398 2638
1398 818
1398 564
1398 2648
1398 1149
1398 354
1398 306
1398 3649
1398 1645
1398 1644
1398 3938
1398 492
1398 102
1398 2431
1399 1252
1399 186
1399 577
1399 654
1399 576
1399 2711
1400 520
1400 1330
1400 504
1400 336
1400 2011
1400 2648
1400 62
1400 1141
1400 3941
1400 2236
1400 1106
1400 3940
1400 485
1400 270
1400 283
1400 3742
1401 164
1401 30
1401 152
1401 882
1401 326
1401 249
1401 2236
1401 2347
1401 2430
1401 580
1402 149
1402 1375
1402 872
1402 346
1402 1312
1402 650
1403 1310
1403 1389
1403 3248
1403 798
1403 3942
1403 1297
1404 2569
1404 3218
1404 2449
1404 1339
1404 963
1404 2357
1404 18
1404 1298
1404 3606
1405 3945
1405 3944
1405 3943
1405 61
1405 224
1406 1253
1406 2627
1406 201
1406 798
1406 3607
1406 1218
1406 766
1406 952
1406 2325
1407 3946
1407 526
1407 2632
1407 3940
1407 2309
1408 121
1408 739
1408 750
1408 547
1408 2465
1409 27
1409 363
1409 3723
1409 954
1409 195
1409 326
1409 247
1409 689
1409 2305
1409 542
1409 243
1409 63
1409 2236
1409 758
1409 635
1409 770
1409 1277
1409 240
1409 244
1409 1963
1409 353
1409 234
1409 493
1409 2416
1409 649
1409 491
1409 202
1409 489
1409 490
1409 232
1409 488
1409 178
1409 230
1409 487
1409 836
1409 190
1409 205
1409 133
1409 19
1410 3947
1410 2450
1410 2349
1410 2103
1410 1723
1410 2498
1411 3189
1411 104
1411 100
1411 84
1411 1323
1411 188
1411 2485
1412 199
1412 2466
1412 354
1412 111
1412 233
1412 878
1413 1375
1413 2313
1413 672
1413 2635
1414 36
1414 511
1414 372
1414 196
1414 545
1414 195
1414 543
1414 243
1414 954
1414 1538
1414 496
1414 2647
1414 493
1414 232
1414 3
1414 299
1414 188
1414 78
1414 2317
1414 802
1415 884
1415 340
1415 402
1415 389
1415 537
1415 626
1415 883
1415 178
1415 854
1415 684
1416 28
1416 506
1416 2467
1416 196
1416 247
1416 148
1416 63
1416 106
1416 750
1416 1345
1416 224
1416 348
1416 217
1416 838
1416 1542
1416 668
1416 55
1416 100
1416 271
1416 84
1416 996
1416 496
1416 80
1416 87
1416 656
1416 802
1416 573
1416 2379
1417 2658
1417 77
1417 1258
1417 3948
1417 708
1417 2497
1417 186
1417 2547
1417 2447
1417 1303
1417 459
1417 2451
1418 787
1418 1476
1418 766
1418 2559
1418 2509
1419 743
1419 1018
1419 2202
1419 3577
1419 2559
1419 580
1419 2393
1419 579
1419 18
1419 17
1419 599
1419 1735
1420 762
1420 135
1420 105
1420 1851
1420 2495
1421 571
1421 123
1421 844
1421 537
1421 58
1421 301
1421 57
1421 303
1421 1366
1421 816
1422 3950
1422 2610
1422 581
1422 1721
1422 1690
1422 3949
1423 1397
1423 328
1423 504
1423 399
1423 638
1423 1184
1423 674
1423 64
1423 241
1423 113
1423 502
1423 2406
1423 2238
1423 2346
1423 959
1423 3452
1423 2431
1423 3662
1423 233
1423 2300
1423 229
1423 2503
1423 90
1423 169
1423 1268
1423 20
1423 1399
1423 1852
1423 417
1423 2981
1424 248
1424 1458
1424 770
1424 880
1424 289
1424 498
1424 1149
1424 203
1424 1345
1424 492
1424 2300
1424 611
1424 1528
1424 2117
1424 584
1424 1341
1424 2303
1425 956
1425 124
1425 955
1425 136
1425 954
1425 953
1425 709
1425 952
1426 963
1426 266
1426 590
1426 1944
1426 188
1427 362
1427 248
1427 2515
1427 108
1427 2236
1427 58
1427 1284
1427 1691
1428 210
1428 2311
1428 825
1428 5
1428 837
1428 188
1428 2623
1428 1362
1429 3951
1429 15
1429 128
1429 45
1429 129
1429 529
1430 417
1430 2658
1430 2357
1430 810
1430 1474
1430 3670
1431 14
1431 1158
1431 2282
1431 1286
1431 426
1431 441
1431 328
1431 369
1431 1155
1431 927
1431 1156
1431 1152
1431 504
1431 211
1431 2621
1431 1267
1431 2440
1431 1328
1431 2543
1431 842
1431 1208
1431 354
1431 637
1431 1150
1431 3511
1431 64
1431 564
1431 880
1431 1688
1431 1689
1431 119
1431 498
1431 770
1431 234
1431 300
1432 2621
1432 343
1432 807
1432 1946
1432 81
1432 1307
1432 2363
1433 41
1433 1288
1433 475
1433 2868
1433 1262
1433 2664
1433 549
1433 2677
1433 1218
1433 1155
1433 1102
1434 648
1434 2003
1434 2623
1434 645
1434 170
1434 2559
1434 2508
1435 1348
1435 352
1435 668
1435 822
1435 90
1435 3228
1435 755
1435 173
1435 2003
1435 3953
1435 2485
1435 2231
1435 3952
1436 3218
1436 812
1436 2485
1436 654
1436 1720
1436 1472
1436 785
1436 2321
1436 572
1436 3812
1437 1376
1437 2615
1437 157
1437 3745
1437 64
1437 495
1437 612
1437 618
1437 350
1437 201
1437 2609
1437 3615
1437 3955
1437 1545
1437 3954
1438 732
1438 846
1438 2114
1438 2558
1438 3956
1438 3186
1438 958
1438 2170
1439 34
1439 381
1439 422
1439 475
1439 330
1439 441
1439 376
1439 14
1439 338
1439 1158
1439 1402
1439 505
1439 3761
1439 2466
1439 3957
1439 3187
1439 783
1439 831
1440 554
1440 693
1440 3958
1441 2403
1441 1944
1441 576
1441 2551
1441 2447
1441 573
1441 74
1442 794
1442 1208
1442 502
1442 770
1442 750
1442 2638
1442 2311
1442 3226
1442 3659
1442 3661
1442 2053
1442 1687
1442 2678
1442 1342
1442 1341
1442 267
1442 1946
1443 583
1443 3959
1443 709
1443 1339
1443 2317
1444 55
1444 685
1444 548
1444 2103
1445 619
1445 1155
1445 1020
1445 328
1445 3961
1445 354
1445 564
1445 1149
1445 1620
1445 111
1445 106
1445 2637
1445 838
1445 294
1445 670
1445 1345
1445 824
1445 231
1445 3661
1445 1774
1445 3960
1445 662
1445 485
1446 935
1446 303
1446 2623
1447 136
1447 153
1447 1328
1447 150
1447 366
1447 357
1447 247
1447 954
1447 2438
1447 1425
1447 251
1447 674
1447 356
1447 3517
1448 667
1448 282
1448 2309
1448 3962
1448 3248
1449 418
1449 1018
1449 645
1449 812
1449 3218
1449 593
1449 2317
1449 799
1449 2575
1449 1098
1449 3965
1449 276
1449 2622
1449 2393
1449 654
1449 3608
1449 1993
1449 3964
1449 2038
1449 3949
1449 3963
1450 275
1450 3662
1450 2171
1450 552
1450 2712
1450 3855
1450 1271
1451 1167
1451 518
1451 2727
1451 620
1451 2621
1451 210
1451 118
1451 3745
1452 521
1452 641
1452 729
1452 2868
1452 2114
1452 3966
1453 1156
1453 196
1453 58
1453 668
1453 3967
1454 3661
1454 611
1454 658
1454 2558
1454 879
1454 104
1454 103
1454 307
1454 3968
1454 2279
1454 109
1454 1301
1454 1347
1454 283
1455 328
1455 2406
1455 873
1455 3563
1456 2380
1456 3791
1456 1384
1456 2743
1457 2316
1457 1691
1457 276
1457 3969
1457 2622
1457 2393
1457 599
1457 2485
1457 2404
1457 3608
1457 3606
1458 3971
1458 703
1458 1020
1458 1262
1458 328
1458 617
1458 2620
1458 638
1458 1807
1458 3961
1458 496
1458 307
1458 294
1458 492
1458 59
1458 235
1458 1806
1458 272
1458 879
1458 2396
1458 271
1458 1541
1458 268
1458 2567
1458 283
1458 2645
1458 2310
1458 3970
1458 279
1459 3254
1459 539
1459 2236
1459 106
1459 3511
1459 2541
1459 1464
1459 2666
1459 1271
1459 767
1459 93
1459 688
1460 3973
1460 415
1460 3237
1460 34
1460 441
1460 1394
1460 1376
1460 617
1460 373
1460 1182
1460 3972
1460 286
1461 617
1461 1155
1461 3975
1461 121
1461 273
1461 1459
1461 613
1461 3938
1461 271
1461 2679
1461 3974
1461 3236
1462 1408
1462 2571
1462 2453
1462 2623
1462 1268
1462 1852
1462 749
1463 1459
1463 240
1463 1276
1463 1277
1463 1342
1463 2671
1463 2579
1464 444
1464 811
1464 2497
1464 3976
1464 3670
1464 200
1465 798
1465 2154
1465 1251
1465 1338
1466 1388
1466 2544
1466 2741
1466 1389
1467 3979
1467 847
1467 2697
1467 765
1467 3606
1467 2495
1467 877
1467 3116
1467 3978
1467 1952
1467 2736
1467 3977
1467 1690
1467 2321
1467 3669
1468 3981
1468 1233
1468 3980
1468 3608
1469 550
1469 1151
1469 151
1469 304
1470 2566
1470 2516
1470 3248
1470 75
1470 2693
1471 928
1471 259
1471 1400
1471 352
1471 104
1471 745
1472 375
1472 433
1472 2616
1472 1964
1472 713
1472 357
1472 1056
1472 371
1472 328
1472 2440
1472 636
1472 2466
1472 674
1472 1372
1472 719
1472 306
1472 499
1472 1277
1472 2336
1472 648
1472 3139
1473 166
1473 3982
1473 2202
1473 1253
1473 2622
1473 2393
1474 645
1474 2740
1474 1722
1475 76
1475 1339
1475 831
1475 810
1476 3983
1476 1217
1476 3770
1476 3342
1476 939
1476 2107
1477 2131
1477 3986
1477 3104
1477 3985
1477 3984
1478 3990
1478 3989
1478 3988
1478 3987
1479 3993
1479 3992
1479 2009
1479 3991
1480 3996
1480 944
1480 3260
1480 3995
1480 3994
1481 3999
1481 3998
1481 3997
1481 3474
1482 4000
1482 4000
1482 4000
1482 4000
1482 4000
1483 2859
1483 2859
1483 2859
1483 2859
1483 2859
1484 2835
1484 2835
1484 2835
1484 2835
1484 4001
1484 4001
1484 4001
1484 4001
1485 3271
1485 3271
1485 3269
1485 3269
1485 4002
1485 4002
1486 4004
1486 4003
1486 774
1487 2223
1487 2223
1487 2223
1487 2223
1487 2223
1487 2223
1488 3908
1488 2086
1488 4006
1488 4005
1489 4007
1490 4008
1490 4008
1490 4008
1491 1172
1491 1172
1491 1172
1491 4009
1491 4009
1491 4009
1492 1438
1492 4011
1492 3936
1492 4010
1493 4013
1493 1698
1493 4012
1493 3592
1494 4015
1494 4014
1495 4018
1495 4017
1495 4016
1496 4020
1496 4020
1496 4020
1496 4020
1496 4020
1496 4019
1496 4019
1496 4019
1496 4019
1496 4019
1497 4022
1497 4022
1497 4022
1497 4022
1497 4022
1497 4021
1497 4021
1497 4021
1497 4021
1497 4021
1498 4023
1498 4023
1498 4023
1498 4023
1498 4023
1499 4024
1499 4024
1499 4024
1499 4024
1499 4024
1500 4025
1500 4025
1500 4025
1500 4025
1500 4025
1500 4025
1500 4025
1500 4025
1501 2700
1501 2700
1501 2700
1501 1680
1501 1680
1501 1680
1502 4027
1502 4027
1502 4027
1502 4027
1502 4026
1502 4026
1502 4026
1502 4026
1503 860
1503 860
1503 860
1503 2338
1503 2338
1503 2338
1504 3351
1504 4028
1504 3350
1504 3380
1505 4029
1505 4029
1505 4029
1505 4029
1505 4029
1506 4030
1506 4030
1506 4030
1506 4030
1506 4030
1507 4033
1507 4032
1507 1808
1507 4031
1508 603
1508 603
1508 717
1508 717
1508 260
1508 260
1508 730
1508 730
1508 164
1508 164
1508 414
1508 414
1508 391
1508 391
1508 390
1508 390
1508 126
1508 126
1508 726
1508 726
1508 158
1508 158
1508 31
1508 31
1509 4028
1509 4035
1509 4034
1510 4038
1510 4038
1510 4037
1510 4037
1510 4036
1510 4036
1511 4039
1511 2682
1512 4041
1512 4040
1512 2744
1513 3717
1513 4043
1513 3911
1513 680
1513 4042
1514 4045
1514 4045
1514 4045
1514 4044
1514 4044
1514 4044
1515 3089
1515 3089
1515 3089
1516 3441
1516 4049
1516 4048
1516 4047
1516 4046
1517 3382
1517 4051
1517 3815
1517 3351
1517 4050
1518 4052
1518 4052
1518 4052
1519 4053
1519 4053
1519 4053
1519 4053
1519 4053
1520 4054
1520 4054
1520 4054
1520 4054
1520 4054
1521 1545
1521 367
1521 27
1521 1346
1521 3401
1522 1580
1522 647
1522 127
1522 512
1522 310
1522 381
1522 140
1522 368
1522 188
1522 1399
1523 4055
1523 4055
1523 4055
1523 4055
1523 4055
1524 4056
1524 4056
1524 4056
1524 4056
1524 4056
1525 4058
1525 4058
1525 4057
1525 4057
1526 4061
1526 4060
1526 4059
1527 2906
1527 3823
1527 3366
1528 3922
1528 2964
1528 4062
1529 4063
1529 4063
1529 4063
1529 4063
1529 4063
1530 4064
1530 4064
1530 4064
1530 4064
1530 4064
1530 4064
1531 4065
1531 4065
1531 4065
1531 4065
1531 4065
1532 4068
1532 1697
1532 3936
1532 4067
1532 4066
1533 2620
1533 4072
1533 4071
1533 4070
1533 4069
1534 4073
1534 4073
1534 4073
1534 4073
1534 4073
1535 4075
1535 4075
1535 4075
1535 4074
1535 4074
1535 4074
1536 4076
1536 4076
1536 4076
1536 4076
1536 4076
1537 4077
1537 4077
1537 4077
1537 4077
1537 4077
1537 4077
1537 4077
1537 4077
1537 4077
1537 4077
1538 4079
1538 4079
1538 4079
1538 4078
1538 4078
1538 4078
1539 4080
1539 3038
1540 4083
1540 4082
1540 4081
1541 4086
1541 4085
1541 4071
1541 4084
1542 4087
1542 4087
1542 4087
1542 4087
1542 4087
1542 4087
1542 4087
1543 4088
1543 4088
1543 4088
1543 4088
1543 4088
1543 4088
1543 4088
1544 4089
1544 4089
1544 4089
1544 4089
1544 4089
1544 4089
1544 4089
1544 4089
1545 3898
1545 4091
1545 4090
1545 3086
1545 3916
1546 4092
1546 4092
1546 4092
1546 4092
1546 4092
1547 4093
1547 4093
1547 4093
1547 4093
1547 4093
1548 4095
1548 4094
1549 1706
1549 1706
1549 1706
1549 607
1549 607
1549 607
1550 691
1550 691
1550 691
1550 691
1550 691
1551 4096
1551 4096
1551 4096
1551 4096
1551 4096
1552 4097
1552 4097
1552 4097
1552 4097
1552 4097
1553 764
1553 764
1553 764
1553 764
1553 764
1554 4098
1554 4098
1554 4098
1554 4098
1554 4098
1555 2824
1555 2824
1555 2824
1555 2824
1555 2824
1556 4099
1556 4099
1556 4099
1556 4099
1556 4099
1556 4099
1557 4100
1557 4100
1557 4100
1557 4100
1557 4100
1557 4100
1558 4101
1558 4101
1558 4101
1558 4101
1558 4101
1558 4101
1559 4102
1559 4102
1559 4102
1559 4102
1559 4102
1560 4103
1560 4103
1560 4103
1560 4103
1560 4103
1561 2125
1561 2125
1561 2125
1561 2125
1561 2125
1561 2125
1562 4104
1562 4104
1562 4104
1562 4104
1562 4104
1563 1929
1563 1929
1563 1929
1563 1929
1563 1929
1563 1929
1563 1929
1564 3486
1564 3486
1564 3486
1564 3486
1564 3486
1565 4105
1565 4105
1565 4105
1565 4105
1565 4105
1566 1360
1566 1360
1566 1360
1566 1360
1566 1360
1567 4106
1567 4106
1567 4106
1567 4106
1567 4106
1567 4106
1568 4107
1568 4107
1568 4107
1568 4107
1568 4107
1568 4107
1569 3798
1569 3798
1569 3798
1569 3798
1569 3798
1570 4108
1570 4108
1570 4108
1570 4108
1570 4108
1570 4108
1571 4109
1571 4109
1571 4109
1571 4109
1571 4109
1572 4110
1572 4110
1572 4110
1572 4110
1572 4110
1573 2076
1573 2076
1573 2076
1573 2076
1573 2076
1574 4111
1574 4111
1574 4111
1574 4111
1574 4111
1574 4111
1574 4111
1575 2771
1575 3869
1575 4112
1576 4113
1576 4113
1576 4113
1576 4113
1576 4113
1577 4114
1577 4114
1577 4114
1577 4114
1577 4114
1577 4114
1578 4115
1578 4115
1578 4115
1578 4115
1578 4115
1578 4115
1579 4116
1579 4116
1579 4116
1579 4116
1579 4116
1580 4117
1580 4117
1580 4117
1580 4117
1580 4117
1581 4118
1581 4118
1581 4118
1581 4118
1581 4118
1581 4118
1582 4119
1582 4119
1582 4119
1582 4119
1582 4119
1583 2552
1583 2552
1583 2552
1583 2552
1583 2552
1584 4120
1584 4120
1584 4120
1584 4120
1584 4120
1584 4120
1584 4120
1584 4120
1585 4122
1585 4122
1585 4122
1585 4122
1585 4121
1585 4121
1585 4121
1585 4121
1586 1117
1586 1117
1586 1117
1586 1117
1586 1117
1587 4123
1587 4123
1587 4123
1587 4123
1587 4123
1588 4124
1588 4124
1588 4124
1588 4124
1588 4124
1588 4124
1588 4124
1589 4048
1589 4048
1589 4048
1589 4048
1589 4125
1589 4125
1589 4125
1589 4125
1590 4126
1590 4126
1590 4126
1590 4126
1590 4126
1590 4126
1591 4127
1591 4127
1591 4127
1591 4127
1591 4127
1591 4127
1591 4127
1592 4129
1592 4129
1592 4129
1592 4128
1592 4128
1592 4128
1593 4130
1593 4130
1593 4130
1593 4130
1593 4130
1593 4130
1594 4131
1594 4131
1594 4131
1594 4131
1594 4131
1595 4132
1595 4132
1595 4132
1595 4132
1595 4132
1595 4132
1596 4133
1596 4133
1596 4133
1596 4133
1596 4133
1597 3809
1597 3809
1597 3809
1597 3809
1597 3809
1598 4134
1598 4134
1598 4134
1598 4134
1598 4134
1598 4134
1599 4135
1599 4135
1599 4135
1599 4135
1599 4135
1600 4136
1600 4136
1600 4136
1600 4136
1600 4136
1600 4136
1600 4136
1601 2513
1601 2513
1601 2513
1601 2513
1601 2513
